#WATER REQUIREMENT COEFFICIENTS (APRIL 2026)
#      NR NAME     D1 D2a D2b D3a D3b  D4  Kc1  Kc3  Kc5  KcT  Ky1 Ky2a Ky2b Ky3a Ky3b  Ky4  KyT  hxL
#----+--+--------+---+---+---+---+---+---+----+----+----+----+----+----+----+----+----+----+----+----+
WQ000   1 WWHEA 1   15  30   0  12  23  20 0.40 1.15 0.30 0.85 0.20 0.20 0.20 0.60 0.50 0.20 1.05  1.0
WQ000   2 WWHEA 2   15  30   0  12  23  20 0.40 1.15 0.30 0.85 0.20 0.20 0.20 0.60 0.50 0.20 1.05  1.0
WQ000   3 WWHEA 3   15  30   0  12  23  20 0.40 1.15 0.30 0.85 0.20 0.20 0.20 0.60 0.50 0.20 1.05  1.0
WQ000   4 WWHEA 4   15  30   0  12  23  20 0.40 1.15 0.30 0.85 0.20 0.20 0.20 0.60 0.50 0.20 1.05  1.0
WQ000   5 SWHEA 1   15  25   0  13  27  20 0.30 1.10 0.30 0.85 0.20 0.20 0.20 0.65 0.55 0.20 1.15  1.0
WQ000   6 SWHEA 2   15  25   0  13  27  20 0.30 1.10 0.30 0.85 0.20 0.20 0.20 0.65 0.55 0.20 1.15  1.0
WQ000   7 SWHEA 3   15  25   0  13  27  20 0.30 1.10 0.30 0.85 0.20 0.20 0.20 0.65 0.55 0.20 1.15  1.0
WQ000   8 SWHEA 4   15  25   0  13  27  20 0.30 1.10 0.30 0.85 0.20 0.20 0.20 0.65 0.55 0.20 1.15  1.0
WQ000   9 SWHEA 5   15  25   0  13  27  20 0.30 1.10 0.30 0.85 0.20 0.20 0.20 0.65 0.55 0.20 1.15  1.0
WQ000  10 WHEA ST1  15  25   0  13  27  20 0.30 1.10 0.30 0.85 0.20 0.20 0.20 0.65 0.55 0.20 1.15  1.0
WQ000  11 WHEA ST2  15  25   0  13  27  20 0.30 1.10 0.30 0.85 0.20 0.20 0.20 0.65 0.55 0.20 1.15  1.0
WQ000  12 WHEA ST3  15  25   0  13  27  20 0.30 1.10 0.30 0.85 0.20 0.20 0.20 0.65 0.55 0.20 1.15  1.0
WQ000  13 WHEA ST4  15  25   0  13  27  20 0.30 1.10 0.30 0.85 0.20 0.20 0.20 0.65 0.55 0.20 1.15  1.0
WQ000  14 WHEA TR1  15  25   0  13  27  20 0.30 1.10 0.30 0.85 0.20 0.20 0.20 0.65 0.55 0.20 1.15  1.0
WQ000  15 WHEA TR2  15  25   0  13  27  20 0.30 1.10 0.30 0.85 0.20 0.20 0.20 0.65 0.55 0.20 1.15  1.0
WQ000  16 WHEA TR3  15  25   0  13  27  20 0.30 1.10 0.30 0.85 0.20 0.20 0.20 0.65 0.55 0.20 1.15  1.0
WQ000  17 WHEA TR4  15  25   0  13  27  20 0.30 1.10 0.30 0.85 0.20 0.20 0.20 0.65 0.55 0.20 1.15  1.0
WQ000  18 WHEA TR5  15  25   0  13  27  20 0.30 1.10 0.30 0.85 0.20 0.20 0.20 0.65 0.55 0.20 1.15  1.0
WQ000  19 WHEA TR6  15  25   0  13  27  20 0.30 1.10 0.30 0.85 0.20 0.20 0.20 0.65 0.55 0.20 1.15  1.0
WQ000  20 WHEA TR7  15  25   0  13  27  20 0.30 1.10 0.30 0.85 0.20 0.20 0.20 0.65 0.55 0.20 1.15  1.0
#      NR NAME     D1 D2a D2b D3a D3b  D4  Kc1  Kc3  Kc5  KcT  Ky1 Ky2a Ky2b Ky3a Ky3b  Ky4  KyT   hx
#----+--+--------+---+---+---+---+---+---+----+----+----+----+----+----+----+----+----+----+----+----+
WQ000  21 RICEJP 1  20  10  10  13  27  20 1.05 1.20 0.90 1.10 1.00 1.00 1.20 2.50 0.40 0.20 2.00  1.0
WQ000  22 RICEJP 2  20  10  10  13  27  20 1.05 1.20 0.90 1.10 1.00 1.00 1.20 2.50 0.40 0.20 2.00  1.0
WQ000  23 RICEJP 3  20  10  10  13  27  20 1.05 1.20 0.90 1.10 1.00 1.00 1.20 2.50 0.40 0.20 2.00  1.0
WQ000  24 RICEJP 4  20  10  10  13  27  20 1.05 1.20 0.90 1.10 1.00 1.00 1.20 2.50 0.40 0.20 2.00  1.0
WQ000  25 RICEJP 5  20  10  10  13  27  20 1.05 1.20 0.90 1.10 1.00 1.00 1.20 2.50 0.40 0.20 2.00  1.0
WQ000  26 RICEJP 6  20  10  10  13  27  20 1.05 1.20 0.90 1.10 1.00 1.00 1.20 2.50 0.40 0.20 2.00  1.0
WQ000  27 RICEJP 7  20  10  10  13  27  20 1.05 1.20 0.90 1.10 1.00 1.00 1.20 2.50 0.40 0.20 2.00  1.0
WQ000  28 RICEIN 1  15  10  10  15  30  20 1.05 1.20 0.90 1.10 1.00 1.00 1.20 2.50 0.40 0.20 2.00  1.0
WQ000  29 RICEIN 2  15  10  10  15  30  20 1.05 1.20 0.90 1.10 1.00 1.00 1.20 2.50 0.40 0.20 2.00  1.0
WQ000  30 RICEIN 3  15  10  10  15  30  20 1.05 1.20 0.90 1.10 1.00 1.00 1.20 2.50 0.40 0.20 2.00  1.0
WQ000  31 RICEIN 4  15  10  10  15  30  20 1.05 1.20 0.90 1.10 1.00 1.00 1.20 2.50 0.40 0.20 2.00  1.0
WQ000  32 RICEDR 1  15  10  10  15  30  20 0.50 1.20 0.60 0.90 0.40 0.40 0.90 1.50 0.50 0.20 1.25  1.0
WQ000  33 RICEDR 2  15  10  10  15  30  20 0.50 1.20 0.60 0.90 0.40 0.50 1.20 0.60 0.90 0.20 1.25  1.0
WQ000  34 RICEDR 3  15  10  10  15  30  20 0.50 1.20 0.60 0.90 0.40 0.50 1.20 0.60 0.90 0.20 1.25  1.0
#      NR NAME     D1 D2a D2b D3a D3b  D4  Kc1  Kc3  Kc5  KcT  Ky1 Ky2a Ky2b Ky3a Ky3b  Ky4  KyT   hx
#----+--+--------+---+---+---+---+---+---+----+----+----+----+----+----+----+----+----+----+----+----+
WQ000  35 LMAIZ 1   15  30   0  13  27  15 0.30 1.20 0.35 0.85 0.40 0.40 0.40 1.50 0.50 0.20 1.25  2.0
WQ000  36 LMAIZ 2   15  30   0  13  27  15 0.30 1.20 0.35 0.85 0.40 0.40 0.40 1.50 0.50 0.20 1.25  2.0
WQ000  37 LMAIZ 3   15  30   0  13  27  15 0.30 1.20 0.35 0.85 0.40 0.40 0.40 1.50 0.50 0.20 1.25  2.0
WQ000  38 LMAIZ 4   15  30   0  13  27  15 0.30 1.20 0.35 0.85 0.40 0.40 0.40 1.50 0.50 0.20 1.25  2.0
WQ000  39 HMAIZ 1   15  30   0  13  27  15 0.30 1.20 0.35 0.85 0.40 0.40 0.40 1.50 0.50 0.20 1.25  2.5
WQ000  40 HMAIZ 2   15  30   0  13  27  15 0.30 1.20 0.35 0.85 0.40 0.40 0.40 1.50 0.50 0.20 1.25  2.5
WQ000  41 HMAIZ 3   15  30   0  13  27  15 0.30 1.20 0.35 0.85 0.40 0.40 0.40 1.50 0.50 0.20 1.25  2.5
WQ000  42 HMAIZ 4   15  30   0  13  27  15 0.30 1.20 0.35 0.85 0.40 0.40 0.40 1.50 0.50 0.20 1.25  2.5
WQ000  43 HMAIZ 5   15  30   0  13  27  15 0.30 1.20 0.35 0.85 0.40 0.40 0.40 1.50 0.50 0.20 1.25  2.5
WQ000  44 HMAIZ 6   15  30   0  13  27  15 0.30 1.20 0.35 0.85 0.40 0.40 0.40 1.50 0.50 0.20 1.25  2.5
WQ000  45 HMAIZ 7   15  30   0  13  27  15 0.30 1.20 0.35 0.85 0.40 0.40 0.40 1.50 0.50 0.20 1.25  2.5
WQ000  46 TMAIZG 1  20  30   0  12  23  15 0.30 1.20 0.35 0.85 0.40 0.40 0.40 1.50 0.50 0.20 1.25  2.0
WQ000  47 TMAIZG 2  20  30   0  12  23  15 0.30 1.20 0.35 0.85 0.40 0.40 0.40 1.50 0.50 0.20 1.25  2.0
WQ000  48 TMAIZG 3  20  30   0  12  23  15 0.30 1.20 0.35 0.85 0.40 0.40 0.40 1.50 0.50 0.20 1.25  2.0
WQ000  49 TMAIZG 4  20  30   0  12  23  15 0.30 1.20 0.35 0.85 0.40 0.40 0.40 1.50 0.50 0.20 1.25  2.0
WQ000  50 TMAIZG 5  20  30   0  12  23  15 0.30 1.20 0.35 0.85 0.40 0.40 0.40 1.50 0.50 0.20 1.25  2.0
WQ000  51 TMAIZG 6  20  30   0  12  23  15 0.30 1.20 0.35 0.85 0.40 0.40 0.40 1.50 0.50 0.20 1.25  2.0
WQ000  52 TMAIZG 7  20  30   0  12  23  15 0.30 1.20 0.35 0.85 0.40 0.40 0.40 1.50 0.50 0.20 1.25  2.0
WQ000  53 TMAIZS 1  20  35   0  12  23  10 0.30 1.10 1.00 0.95 0.40 0.40 0.40 0.40 0.40 0.20 1.00  2.5
WQ000  54 TMAIZS 2  20  35   0  12  23  10 0.30 1.10 1.00 0.95 0.40 0.40 0.40 0.40 0.40 0.20 1.00  2.5
WQ000  55 TMAIZS 3  20  35   0  12  23  10 0.30 1.10 1.00 0.95 0.40 0.40 0.40 0.40 0.40 0.20 1.00  2.5
WQ000  56 TMAIZS 4  20  35   0  12  23  10 0.30 1.10 1.00 0.95 0.40 0.40 0.40 0.40 0.40 0.20 1.00  2.5
WQ000  57 TMAIZS 5  20  35   0  12  23  10 0.30 1.10 1.00 0.95 0.40 0.40 0.40 0.40 0.40 0.20 1.00  2.5
WQ000  58 TMAIZS 6  20  35   0  12  23  10 0.30 1.10 1.00 0.95 0.40 0.40 0.40 0.40 0.40 0.20 1.00  2.5
#      NR NAME     D1 D2a D2b D3a D3b  D4  Kc1  Kc3  Kc5  KcT  Ky1 Ky2a Ky2b Ky3a Ky3b  Ky4  KyT   hx
#----+--+--------+---+---+---+---+---+---+----+----+----+----+----+----+----+----+----+----+----+----+
WQ000  59 WBARL 1   15  30   0  12  23  20 0.40 1.15 0.25 0.85 0.20 0.20 0.20 0.60 0.50 0.20 1.05  0.8
WQ000  60 WBARL 2   15  30   0  12  23  20 0.40 1.15 0.25 0.85 0.20 0.20 0.20 0.60 0.50 0.20 1.05  0.8
WQ000  61 WBARL 3   15  30   0  12  23  20 0.40 1.15 0.25 0.85 0.20 0.20 0.20 0.60 0.50 0.20 1.05  0.8
WQ000  62 WBARL 4   15  30   0  12  23  20 0.40 1.15 0.25 0.85 0.20 0.20 0.20 0.60 0.50 0.20 1.05  0.8
WQ000  63 SBARL 1   15  25   0  13  27  20 0.30 1.15 0.25 0.85 0.20 0.20 0.20 0.65 0.55 0.20 1.15  0.8
WQ000  64 SBARL 2   15  25   0  13  27  20 0.30 1.15 0.25 0.85 0.20 0.20 0.20 0.65 0.55 0.20 1.15  0.8
WQ000  65 SBARL 3   15  25   0  13  27  20 0.30 1.15 0.25 0.85 0.20 0.20 0.20 0.65 0.55 0.20 1.15  0.8
WQ000  66 SBARL 4   15  25   0  13  27  20 0.30 1.15 0.25 0.85 0.20 0.20 0.20 0.65 0.55 0.20 1.15  0.8
WQ000  67 BARL ST1  15  25   0  13  27  20 0.30 1.15 0.25 0.85 0.20 0.20 0.20 0.65 0.55 0.20 1.15  0.8
WQ000  68 BARL ST2  15  25   0  13  27  20 0.30 1.15 0.25 0.85 0.20 0.20 0.20 0.65 0.55 0.20 1.15  0.8
WQ000  69 BARL ST3  15  25   0  13  27  20 0.30 1.15 0.25 0.85 0.20 0.20 0.20 0.65 0.55 0.20 1.15  0.8
WQ000  70 BARL ST4  15  25   0  13  27  20 0.30 1.15 0.25 0.85 0.20 0.20 0.20 0.65 0.55 0.20 1.15  0.8
WQ000  71 BARL TR1  15  25   0  13  27  20 0.30 1.15 0.25 0.85 0.20 0.20 0.20 0.65 0.55 0.20 1.15  0.8
WQ000  72 BARL TR2  15  25   0  13  27  20 0.30 1.15 0.25 0.85 0.20 0.20 0.20 0.65 0.55 0.20 1.15  0.8
WQ000  73 BARL TR3  15  25   0  13  27  20 0.30 1.15 0.25 0.85 0.20 0.20 0.20 0.65 0.55 0.20 1.15  0.8
WQ000  74 BARL TR4  15  25   0  13  27  20 0.30 1.15 0.25 0.85 0.20 0.20 0.20 0.65 0.55 0.20 1.15  0.8
WQ000  75 BARL TR5  15  25   0  13  27  20 0.30 1.15 0.25 0.85 0.20 0.20 0.20 0.65 0.55 0.20 1.15  0.8
WQ000  76 BARL TR6  15  25   0  13  27  20 0.30 1.15 0.25 0.85 0.20 0.20 0.20 0.65 0.55 0.20 1.15  0.8
WQ000  77 BARL TR7  15  25   0  13  27  20 0.30 1.15 0.25 0.85 0.20 0.20 0.20 0.65 0.55 0.20 1.15  0.8
#      NR NAME     D1 D2a D2b D3a D3b  D4  Kc1  Kc3  Kc5  KcT  Ky1 Ky2a Ky2b Ky3a Ky3b  Ky4  KyT   hx
#----+--+--------+---+---+---+---+---+---+----+----+----+----+----+----+----+----+----+----+----+----+
WQ000  78 LSRGH 1   15  30   0  13  27  15 0.30 1.05 0.55 0.80 0.20 0.20 0.20 0.55 0.45 0.20 0.90  2.0
WQ000  79 LSRGH 2   15  30   0  13  27  15 0.30 1.05 0.55 0.80 0.20 0.20 0.20 0.55 0.45 0.20 0.90  2.0
WQ000  80 LSRGH 3   15  30   0  13  27  15 0.30 1.05 0.55 0.80 0.20 0.20 0.20 0.55 0.45 0.20 0.90  2.0
WQ000  81 LSRGH 4   15  30   0  13  27  15 0.30 1.05 0.55 0.80 0.20 0.20 0.20 0.55 0.45 0.20 0.90  2.0
WQ000  82 HSRGH 1   15  30   0  13  27  15 0.30 1.05 0.55 0.80 0.20 0.20 0.20 0.55 0.45 0.20 0.90  2.5
WQ000  83 HSRGH 2   15  30   0  13  27  15 0.30 1.05 0.55 0.80 0.20 0.20 0.20 0.55 0.45 0.20 0.90  2.5
WQ000  84 HSRGH 3   15  30   0  13  27  15 0.30 1.05 0.55 0.80 0.20 0.20 0.20 0.55 0.45 0.20 0.90  2.5
WQ000  85 HSRGH 4   15  30   0  13  27  15 0.30 1.05 0.55 0.80 0.20 0.20 0.20 0.55 0.45 0.20 0.90  2.5
WQ000  86 HSRGH 5   15  30   0  13  27  15 0.30 1.05 0.55 0.80 0.20 0.20 0.20 0.55 0.45 0.20 0.90  2.5
WQ000  87 HSRGH 6   15  30   0  13  27  15 0.30 1.05 0.55 0.80 0.20 0.20 0.20 0.55 0.45 0.20 0.90  2.5
WQ000  88 HSRGH 7   15  30   0  13  27  15 0.30 1.05 0.55 0.80 0.20 0.20 0.20 0.55 0.45 0.20 0.90  2.5
WQ000  89 TSRGH 1   20  30   0  12  23  15 0.30 1.05 0.55 0.80 0.20 0.20 0.20 0.55 0.45 0.20 0.90  2.0
WQ000  90 TSRGH 2   20  30   0  12  23  15 0.30 1.05 0.55 0.80 0.20 0.20 0.20 0.55 0.45 0.20 0.90  2.0
WQ000  91 TSRGH 3   20  30   0  12  23  15 0.30 1.05 0.55 0.80 0.20 0.20 0.20 0.55 0.45 0.20 0.90  2.0
WQ000  92 TSRGH 4   20  30   0  12  23  15 0.30 1.05 0.55 0.80 0.20 0.20 0.20 0.55 0.45 0.20 0.90  2.0
WQ000  93 TSRGH 5   20  30   0  12  23  15 0.30 1.05 0.55 0.80 0.20 0.20 0.20 0.55 0.45 0.20 0.90  2.0
WQ000  94 TSRGH 6   20  30   0  12  23  15 0.30 1.05 0.55 0.80 0.20 0.20 0.20 0.55 0.45 0.20 0.90  2.0
WQ000  95 TSRGH 7   20  30   0  12  23  15 0.30 1.05 0.55 0.80 0.20 0.20 0.20 0.55 0.45 0.20 0.90  2.0
#      NR NAME     D1 D2a D2b D3a D3b  D4  Kc1  Kc3  Kc5  KcT  Ky1 Ky2a Ky2b Ky3a Ky3b  Ky4  KyT   hx
#----+--+--------+---+---+---+---+---+---+----+----+----+----+----+----+----+----+----+----+----+----+
WQ000  96 BLSRGH 1  15  35   0  13  27  10 0.30 1.20 1.05 0.95 0.20 0.20 0.20 0.40 0.40 0.20 0.90  2.5
WQ000  97 BLSRGH 2  15  35   0  13  27  10 0.30 1.20 1.05 0.95 0.20 0.20 0.20 0.40 0.40 0.20 0.90  2.5
WQ000  98 BLSRGH 3  15  35   0  13  27  10 0.30 1.20 1.05 0.95 0.20 0.20 0.20 0.40 0.40 0.20 0.90  2.5
WQ000  99 BLSRGH 4  15  35   0  13  27  10 0.30 1.20 1.05 0.95 0.20 0.20 0.20 0.40 0.40 0.20 0.90  2.5
WQ000 100 BHSRGH 1  15  35   0  13  27  10 0.30 1.20 1.05 0.95 0.20 0.20 0.20 0.40 0.40 0.20 0.90  3.0
WQ000 101 BHSRGH 2  15  35   0  13  27  10 0.30 1.20 1.05 0.95 0.20 0.20 0.20 0.40 0.40 0.20 0.90  3.0
WQ000 102 BHSRGH 3  15  35   0  13  27  10 0.30 1.20 1.05 0.95 0.20 0.20 0.20 0.40 0.40 0.20 0.90  3.0
WQ000 103 BHSRGH 4  15  35   0  13  27  10 0.30 1.20 1.05 0.95 0.20 0.20 0.20 0.40 0.40 0.20 0.90  3.0
WQ000 104 BHSRGH 5  15  35   0  13  27  10 0.30 1.20 1.05 0.95 0.20 0.20 0.20 0.40 0.40 0.20 0.90  3.0
WQ000 105 BHSRGH 6  15  35   0  13  27  10 0.30 1.20 1.05 0.95 0.20 0.20 0.20 0.40 0.40 0.20 0.90  3.0
WQ000 106 BHSRGH 7  15  35   0  13  27  10 0.30 1.20 1.05 0.95 0.20 0.20 0.20 0.40 0.40 0.20 0.90  3.0
WQ000 107 BTSRGH 1  15  35   0  13  27  10 0.30 1.20 1.05 0.95 0.20 0.20 0.20 0.40 0.40 0.20 0.90  2.5
WQ000 108 BTSRGH 2  15  35   0  13  27  10 0.30 1.20 1.05 0.95 0.20 0.20 0.20 0.40 0.40 0.20 0.90  2.5
WQ000 109 BTSRGH 3  15  35   0  13  27  10 0.30 1.20 1.05 0.95 0.20 0.20 0.20 0.40 0.40 0.20 0.90  2.5
WQ000 110 BTSRGH 4  15  35   0  13  27  10 0.30 1.20 1.05 0.95 0.20 0.20 0.20 0.40 0.40 0.20 0.90  2.5
WQ000 111 BTSRGH 5  15  35   0  13  27  10 0.30 1.20 1.05 0.95 0.20 0.20 0.20 0.40 0.40 0.20 0.90  2.5
WQ000 112 BTSRGH 6  15  35   0  13  27  10 0.30 1.20 1.05 0.95 0.20 0.20 0.20 0.40 0.40 0.20 0.90  2.5
WQ000 113 BTSRGH 7  15  35   0  13  27  10 0.30 1.20 1.05 0.95 0.20 0.20 0.20 0.40 0.40 0.20 0.90  2.5
#      NR NAME     D1 D2a D2b D3a D3b  D4  Kc1  Kc3  Kc5  KcT  Ky1 Ky2a Ky2b Ky3a Ky3b  Ky4  KyT   hx
#----+--+--------+---+---+---+---+---+---+----+----+----+----+----+----+----+----+----+----+----+----+
WQ000 114 WRYE 1    15  30   0  12  23  20 0.30 1.15 0.30 0.85 0.20 0.20 0.20 0.60 0.50 0.20 1.05  1.0
WQ000 115 WRYE 2    15  30   0  12  23  20 0.30 1.15 0.30 0.85 0.20 0.20 0.20 0.60 0.50 0.20 1.05  1.0
WQ000 116 WRYE 3    15  30   0  12  23  20 0.30 1.15 0.30 0.85 0.20 0.20 0.20 0.60 0.50 0.20 1.05  1.0
WQ000 117 WRYE 4    15  30   0  12  23  20 0.30 1.15 0.30 0.85 0.20 0.20 0.20 0.60 0.50 0.20 1.05  1.0
WQ000 118 SRYE 1    15  25   0  13  27  20 0.30 1.15 0.30 0.85 0.20 0.20 0.20 0.65 0.55 0.20 1.15  1.0
WQ000 119 SRYE 2    15  25   0  13  27  20 0.30 1.15 0.30 0.85 0.20 0.20 0.20 0.65 0.55 0.20 1.15  1.0
WQ000 120 SRYE 3    15  25   0  13  27  20 0.30 1.15 0.30 0.85 0.20 0.20 0.20 0.65 0.55 0.20 1.15  1.0
WQ000 121 SRYE 4    15  25   0  13  27  20 0.30 1.15 0.30 0.85 0.20 0.20 0.20 0.65 0.55 0.20 1.15  1.0
#      NR NAME     D1 D2a D2b D3a D3b  D4  Kc1  Kc3  Kc5  KcT  Ky1 Ky2a Ky2b Ky3a Ky3b  Ky4  KyT   hx
#----+--+--------+---+---+---+---+---+---+----+----+----+----+----+----+----+----+----+----+----+----+
WQ000 122 PMLLT 1   10  25   0  13  27  25 0.30 1.00 0.30 0.80 0.20 0.20 0.20 0.60 0.80 0.20 0.90  2.0
WQ000 123 PMLLT 2   10  25   0  13  27  25 0.30 1.00 0.30 0.80 0.20 0.20 0.20 0.60 0.80 0.20 0.90  2.0
WQ000 124 FMLLT 1   15  25   0  13  27  20 0.30 1.20 0.35 0.85 0.20 0.20 0.20 0.60 0.80 0.20 1.00  1.5
WQ000 125 FMLLT 2   15  25   0  13  27  20 0.30 1.20 0.35 0.85 0.20 0.20 0.20 0.60 0.80 0.20 1.00  1.5
WQ000 126 FMLLT 3   15  25   0  13  27  20 0.30 1.20 0.35 0.85 0.20 0.20 0.20 0.60 0.80 0.20 1.00  1.5
WQ000 127 FMLLT 4   15  25   0  13  27  20 0.30 1.20 0.35 0.85 0.20 0.20 0.20 0.60 0.80 0.20 1.00  1.5
WQ000 128 SOAT 1    15  25   0  13  27  20 0.30 1.15 0.25 0.85 0.20 0.20 0.20 0.65 0.55 0.20 1.15  1.0
WQ000 129 SOAT 2    15  25   0  13  27  20 0.30 1.15 0.25 0.85 0.20 0.20 0.20 0.65 0.55 0.20 1.15  1.0
WQ000 130 SOAT 3    15  25   0  13  27  20 0.30 1.15 0.25 0.85 0.20 0.20 0.20 0.65 0.55 0.20 1.15  1.0
WQ000 131 BUCKW 1   15  25   0  13  27  20 0.30 1.10 0.30 0.85 0.20 0.20 0.20 0.60 0.80 0.20 0.90  1.0
WQ000 132 BUCKW 2   15  25   0  13  27  20 0.30 1.10 0.30 0.85 0.20 0.20 0.20 0.60 0.80 0.20 0.90  1.0
#      NR NAME     D1 D2a D2b D3a D3b  D4  Kc1  Kc3  Kc5  KcT  Ky1 Ky2a Ky2b Ky3a Ky3b  Ky4  KyT   hx
#----+--+--------+---+---+---+---+---+---+----+----+----+----+----+----+----+----+----+----+----+----+
WQ000 135 WPOTA 1   20  12  13   0  35  20 0.50 1.15 0.75 0.85 0.20 0.45 0.80 0.70 0.70 0.20 1.10  0.6
WQ000 136 WPOTA 2   20  12  13   0  35  20 0.50 1.15 0.75 0.85 0.20 0.45 0.80 0.70 0.70 0.20 1.10  0.6
WQ000 137 WPOTA 3   20  12  13   0  35  20 0.50 1.15 0.75 0.85 0.20 0.45 0.80 0.70 0.70 0.20 1.10  0.6
WQ000 138 WPOTA 4   20  12  13   0  35  20 0.50 1.15 0.55 0.85 0.20 0.45 0.80 0.70 0.70 0.20 1.10  0.6
WQ000 139 WPOTA 5   20  12  13   0  35  20 0.50 1.15 0.40 0.85 0.20 0.45 0.80 0.70 0.70 0.20 1.10  0.6
WQ000 140 WPOTA 6   20  12  13   0  35  20 0.50 1.15 0.40 0.85 0.20 0.45 0.80 0.70 0.70 0.20 1.10  0.6
WQ000 141 WPOTA 7   20  12  13   0  35  20 0.50 1.15 0.40 0.85 0.20 0.45 0.80 0.70 0.70 0.20 1.10  0.6
WQ000 142 CASSAVA1  10  20   0   0  40  30 0.30 1.10 0.50 0.85 0.20 0.45 0.80 0.70 0.70 0.20 1.10  1.5
WQ000 143 CASSAVA2  10  20   0   0  40  30 0.30 1.10 0.50 0.85                               1.10  1.5
WQ000 145 SPOTA 1   15  10  10   0  40  25 0.50 1.15 0.65 0.85 0.20 0.45 0.80 0.70 0.70 0.20 1.10  0.4
WQ000 146 SPOTA 2   15  10  10   0  40  25 0.50 1.15 0.65 0.85 0.20 0.45 0.80 0.70 0.70 0.20 1.10  0.4
WQ000 147 SPOTA 3   15  10  10   0  40  25 0.50 1.15 0.65 0.85 0.20 0.45 0.80 0.70 0.70 0.20 1.10  0.4
WQ000 148 SPOTA 4   15  10  10   0  40  25 0.50 1.15 0.65 0.85 0.20 0.45 0.80 0.70 0.70 0.20 1.10  0.4
WQ000 149 WHYAM 1   20  25   0   0  35  20 0.50 1.10 0.95 0.85 0.20 0.45 0.80 0.70 0.70 0.20 1.10  8.0
WQ000 150 WHYAM 2   20  25   0   0  35  20 0.50 1.10 0.95 0.85 0.20 0.45 0.80 0.70 0.70 0.20 1.10  8.0
WQ000 151 GRYAM 1   20  30   0   0  30  20 0.50 1.10 0.95 0.85 0.20 0.45 0.80 0.70 0.70 0.20 1.10  8.0
WQ000 152 GRYAM 2   20  30   0   0  30  20 0.50 1.10 0.95 0.85 0.20 0.45 0.80 0.70 0.70 0.20 1.10  8.0
WQ000 153 YEL.YAM   20  30   0   0  30   0 0.50 1.10 0.95 0.85                               1.10  8.0
WQ000 154 COCOYAM   20  30   0   0  30   0 0.50 1.10 0.95 0.85                               1.10  8.0
#      NR NAME     D1 D2a D2b D3a D3b  D4  Kc1  Kc3  Kc5  KcT  Ky1 Ky2a Ky2b Ky3a Ky3b  Ky4  KyT   hx
#----+--+--------+---+---+---+---+---+---+----+----+----+----+----+----+----+----+----+----+----+----+
WQ000 155 SUGCANE   10  15   0   0  45  30 0.40 1.25 0.75 1.00                               1.20  3.0
WQ000 156 SUGBEET1  20  25   0   0  35  20 0.35 1.20 0.70 0.85 0.20 0.65 0.65 0.65 0.65 0.50 1.00  0.5
WQ000 157 SUGBEET2  20  25   0   0  35  20 0.35 1.20 0.70 0.85 0.20 0.65 0.65 0.65 0.65 0.50 1.00  0.5
WQ000 158 SUGBEET3  20  25   0   0  35  20 0.35 1.20 0.70 0.85 0.20 0.65 0.65 0.65 0.65 0.50 1.00  0.5
WQ000 159 SUGBEET4  20  25   0   0  35  20 0.35 1.20 0.70 0.85 0.20 0.65 0.65 0.65 0.65 0.50 1.00  0.5
WQ000 160 SUGBEET5  20  25   0   0  35  20 0.35 1.20 0.70 0.85 0.20 0.65 0.65 0.65 0.65 0.50 1.00  0.5
WQ000 161 SUGBEET6  20  25   0   0  35  20 0.35 1.20 0.70 0.85 0.20 0.65 0.65 0.65 0.65 0.50 1.00  0.5
WQ000 162 SUGBEET7  20  25   0   0  35  20 0.35 1.20 0.70 0.85 0.20 0.65 0.65 0.65 0.65 0.50 1.00  0.5
#      NR NAME     D1 D2a D2b D3a D3b  D4  Kc1  Kc3  Kc5  KcT  Ky1 Ky2a Ky2b Ky3a Ky3b  Ky4  KyT   hx
#----+--+--------+---+---+---+---+---+---+----+----+----+----+----+----+----+----+----+----+----+----+
WQ000 165 LBEAN 1   20  25   0  15  20  20 0.40 1.15 0.35 0.75 0.20 0.20 0.20 1.10 0.75 0.20 1.15  0.4
WQ000 166 LBEAN 2   20  25   0  15  20  20 0.40 1.15 0.35 0.75 0.20 0.20 0.20 1.10 0.75 0.20 1.15  0.4
WQ000 167 LBEAN 3   20  25   0  15  20  20 0.40 1.15 0.35 0.75 0.20 0.20 0.20 1.10 0.75 0.20 1.15  0.4
WQ000 168 LBEAN 4   20  25   0  15  20  20 0.40 1.15 0.35 0.75 0.20 0.20 0.20 1.10 0.75 0.20 1.15  0.4
WQ000 169 LBEAN 5   20  25   0  15  20  20 0.40 1.15 0.35 0.75 0.20 0.20 0.20 1.10 0.75 0.20 1.15  0.4
WQ000 170 HBEAN 1   20  25   0  15  20  20 0.40 1.15 0.35 0.75 0.20 0.20 0.20 1.10 0.75 0.20 1.15  0.4
WQ000 171 HBEAN 2   20  25   0  15  20  20 0.40 1.15 0.35 0.75 0.20 0.20 0.20 1.10 0.75 0.20 1.15  0.4
WQ000 172 HBEAN 3   20  25   0  15  20  20 0.40 1.15 0.35 0.75 0.20 0.20 0.20 1.10 0.75 0.20 1.15  0.4
WQ000 173 HBEAN 4   20  25   0  15  20  20 0.40 1.15 0.35 0.75 0.20 0.20 0.20 1.10 0.75 0.20 1.15  0.4
WQ000 174 HBEAN 5   20  25   0  15  20  20 0.40 1.15 0.35 0.75 0.20 0.20 0.20 1.10 0.75 0.20 1.15  0.4
WQ000 175 TBEAN 1   20  25   0  15  20  20 0.40 1.15 0.35 0.75 0.20 0.20 0.20 1.10 0.75 0.20 1.15  0.4
WQ000 176 TBEAN 2   20  25   0  15  20  20 0.40 1.15 0.35 0.75 0.20 0.20 0.20 1.10 0.75 0.20 1.15  0.4
WQ000 177 TBEAN 3   20  25   0  15  20  20 0.40 1.15 0.35 0.75 0.20 0.20 0.20 1.10 0.75 0.20 1.15  0.4
WQ000 178 TBEAN 4   20  25   0  15  20  20 0.40 1.15 0.35 0.75 0.20 0.20 0.20 1.10 0.75 0.20 1.15  0.4
WQ000 179 TBEAN 5   20  25   0  15  20  20 0.40 1.15 0.35 0.75 0.20 0.20 0.20 1.10 0.75 0.20 1.15  0.4
#      NR NAME     D1 D2a D2b D3a D3b  D4  Kc1  Kc3  Kc5  KcT  Ky1 Ky2a Ky2b Ky3a Ky3b  Ky4  KyT   hx
#----+--+--------+---+---+---+---+---+---+----+----+----+----+----+----+----+----+----+----+----+----+
WQ000 180 CHICKP 1  20  30   0  12  18  20 0.40 1.00 0.35 0.70 0.20 0.20 0.20 1.10 0.75 0.20 1.15  0.4
WQ000 181 CHICKP 2  20  30   0  12  18  20 0.40 1.00 0.35 0.70 0.20 0.20 0.20 1.10 0.75 0.20 1.15  0.4
WQ000 182 CHICKP 3  20  30   0  12  18  20 0.40 1.00 0.35 0.70 0.20 0.20 0.20 1.10 0.75 0.20 1.15  0.4
WQ000 183 CHICK C1  25  30   0  10  15  20 0.40 1.00 0.35 0.70 0.20 0.20 0.20 1.10 0.75 0.20 1.15  0.4
WQ000 184 CHICK C2  25  30   0  10  15  20 0.40 1.00 0.35 0.70 0.20 0.20 0.20 1.10 0.75 0.20 1.15  0.4
WQ000 185 CHICK C3  25  30   0  10  15  20 0.40 1.00 0.35 0.70 0.20 0.20 0.20 1.10 0.75 0.20 1.15  0.4
WQ000 186 COWP 1    20  30   0  12  18  20 0.40 1.05 0.35 0.75 0.20 0.20 0.20 1.10 0.75 0.20 1.15  0.4
WQ000 187 COWP 2    20  30   0  12  18  20 0.40 1.05 0.35 0.75 0.20 0.20 0.20 1.10 0.75 0.20 1.15  0.4
WQ000 188 COWP 3    20  30   0  12  18  20 0.40 1.05 0.35 0.75 0.20 0.20 0.20 1.10 0.75 0.20 1.15  0.4
WQ000 189 DPEA 1    20  30   0  15  20  15 0.40 1.15 0.30 0.80 0.20 0.20 0.20 0.90 0.70 0.20 1.15  0.5
WQ000 190 DPEA 2    20  30   0  15  20  15 0.40 1.15 0.30 0.80 0.20 0.20 0.20 0.90 0.70 0.20 1.15  0.5
WQ000 191 DPEA 3    20  30   0  15  20  15 0.40 1.15 0.30 0.80 0.20 0.20 0.20 0.90 0.70 0.20 1.15  0.5
WQ000 192 GRAM 1    20  30   0  12  18  20 0.40 1.05 0.35 0.75 0.20 0.20 0.20 1.10 0.75 0.20 1.15  0.4
WQ000 193 GRAM 2    20  30   0  12  18  20 0.40 1.05 0.35 0.75 0.20 0.20 0.20 1.10 0.75 0.20 1.15  0.4
WQ000 194 GRAM 3    20  30   0  12  18  20 0.40 1.05 0.35 0.75 0.20 0.20 0.20 1.10 0.75 0.20 1.15  0.4
WQ000 195 PIGPEA 1  20  30   0  12  18  20 0.40 1.05 0.35 0.75 0.20 0.20 0.20 1.10 0.75 0.20 1.15  0.4
WQ000 196 PIGPEA 2  20  30   0  12  18  20 0.40 1.05 0.35 0.75 0.20 0.20 0.20 1.10 0.75 0.20 1.15  0.4
WQ000 197 PIGPEA 3  20  30   0  12  18  20 0.40 1.05 0.35 0.75 0.20 0.20 0.20 1.10 0.75 0.20 1.15  0.4
WQ000 198 PIGPEA 4  20  30   0  12  18  20 0.40 1.05 0.35 0.75 0.20 0.20 0.20 1.10 0.75 0.20 1.15  0.4
WQ000 199 PIGPEA 5  20  30   0  12  18  20 0.40 1.05 0.35 0.75 0.20 0.20 0.20 1.10 0.75 0.20 1.15  0.4
#      NR NAME     D1 D2a D2b D3a D3b  D4  Kc1  Kc3  Kc5  KcT  Ky1 Ky2a Ky2b Ky3a Ky3b  Ky4  KyT   hx
#----+--+--------+---+---+---+---+---+---+----+----+----+----+----+----+----+----+----+----+----+----+
WQ000 200 GRNDN 1   20  30   0  15  15  20 0.40 1.15 0.60 0.80 0.20 0.20 0.20 0.80 0.60 0.20 0.70  0.4
WQ000 201 GRNDN 2   20  30   0  15  15  20 0.40 1.15 0.60 0.80 0.20 0.20 0.20 0.80 0.60 0.20 0.70  0.4
WQ000 202 GRNDN 3   20  30   0  15  15  20 0.40 1.15 0.60 0.80 0.20 0.20 0.20 0.80 0.60 0.20 0.70  0.4
WQ000 203 SOYBT 1   10  25   0  23  27  15 0.40 1.15 0.50 0.85 0.20 0.20 0.20 0.80 1.00 0.20 0.85  0.8
WQ000 204 SOYBT 2   10  25   0  23  27  15 0.40 1.15 0.50 0.85 0.20 0.20 0.20 0.80 1.00 0.20 0.85  0.8
WQ000 205 SOYBT 3   10  25   0  23  27  15 0.40 1.15 0.50 0.85 0.20 0.20 0.20 0.80 1.00 0.20 0.85  0.8
WQ000 206 SOYBS 1   10  30   0  23  27  10 0.40 1.15 0.50 0.85 0.20 0.20 0.20 0.80 1.00 0.20 0.85  0.8
WQ000 207 SOYBS 2   10  30   0  23  27  10 0.40 1.15 0.50 0.85 0.20 0.20 0.20 0.80 1.00 0.20 0.85  0.8
WQ000 208 SOYBS 3   10  30   0  23  27  10 0.40 1.15 0.50 0.85 0.20 0.20 0.20 0.80 1.00 0.20 0.85  0.8
WQ000 209 SOYBS 4   10  30   0  23  27  10 0.40 1.15 0.50 0.85 0.20 0.20 0.20 0.80 1.00 0.20 0.85  0.8
WQ000 210 SUNFLT 1  15  16  14  22  18  15 0.35 1.05 0.35 0.80 0.20 0.25 0.50 1.00 0.80 0.20 0.95  2.0
WQ000 211 SUNFLT 2  15  16  14  22  18  15 0.35 1.05 0.35 0.80 0.20 0.25 0.50 1.00 0.80 0.20 0.95  2.0
WQ000 212 SUNFLS 1  15  16  14  22  18  15 0.35 1.05 0.35 0.80 0.20 0.25 0.50 1.00 0.80 0.20 0.95  2.0
WQ000 213 SUNFLS 2  15  16  14  22  18  15 0.35 1.05 0.35 0.80 0.20 0.25 0.50 1.00 0.80 0.20 0.95  2.0
WQ000 214 SUNFLS 3  15  16  14  22  18  15 0.35 1.05 0.35 0.80 0.20 0.25 0.50 1.00 0.80 0.20 0.95  2.0
WQ000 215 SUNFLS 4  15  16  14  22  18  15 0.35 1.05 0.35 0.80 0.20 0.25 0.50 1.00 0.80 0.20 0.95  2.0
WQ000 216 WRAPE 1   10  30   0  22  18  20 0.40 1.05 0.35 0.80 0.20 0.20 0.20 0.80 1.00 0.20 0.85  0.6
WQ000 217 WRAPE 2   10  30   0  22  18  20 0.40 1.05 0.35 0.80 0.20 0.20 0.20 0.80 1.00 0.20 0.85  0.6
WQ000 218 WRAPE 3   10  30   0  22  18  20 0.40 1.05 0.35 0.80 0.20 0.20 0.20 0.80 1.00 0.20 0.85  0.6
WQ000 219 WRAPE 4   10  30   0  22  18  20 0.40 1.05 0.35 0.80 0.20 0.20 0.20 0.80 1.00 0.20 0.85  0.6
WQ000 220 SRAPE 1   10  30   0  22  18  20 0.35 1.05 0.35 0.80 0.20 0.20 0.20 0.80 1.00 0.20 0.85  0.6
WQ000 221 SRAPE 2   10  30   0  22  18  20 0.35 1.05 0.35 0.80 0.20 0.20 0.20 0.80 1.00 0.20 0.85  0.6
WQ000 222 SRAPE 3   10  30   0  22  18  20 0.35 1.05 0.35 0.80 0.20 0.20 0.20 0.80 1.00 0.20 0.85  0.6
WQ000 223 SRAPE 4   10  30   0  22  18  20 0.35 1.05 0.35 0.80 0.20 0.20 0.20 0.80 1.00 0.20 0.85  0.6
WQ000 224 RRAPE 1   10  30   0  22  18  20 0.35 1.05 0.35 0.80 0.20 0.20 0.20 0.80 1.00 0.20 0.85  0.6
WQ000 225 RRAPE 2   10  30   0  22  18  20 0.35 1.05 0.35 0.80 0.20 0.20 0.20 0.80 1.00 0.20 0.85  0.6
#      NR NAME     D1 D2a D2b D3a D3b  D4  Kc1  Kc3  Kc5  KcT  Ky1 Ky2a Ky2b Ky3a Ky3b  Ky4  KyT   hx
#----+--+--------+---+---+---+---+---+---+----+----+----+----+----+----+----+----+----+----+----+----+
WQ000 226 TCOTT 1   15  25   0  33  17  10 0.35 1.15 0.70 0.85 0.20 0.20 0.20 0.50 0.75 0.25 0.85  1.4
WQ000 227 TCOTT 2   15  25   0  33  17  10 0.35 1.15 0.70 0.85 0.20 0.20 0.20 0.50 0.75 0.25 0.85  1.4
WQ000 228 TCOTT 3   15  25   0  33  17  10 0.35 1.15 0.70 0.85 0.20 0.20 0.20 0.50 0.75 0.25 0.85  1.4
WQ000 229 TCOTT 4   15  25   0  33  17  10 0.35 1.15 0.70 0.85 0.20 0.20 0.20 0.50 0.75 0.25 0.85  1.4
WQ000 230 COTT  1   15  25   0  33  17  10 0.35 1.15 0.70 0.85 0.20 0.20 0.20 0.50 0.75 0.25 0.85  1.4
WQ000 231 COTT  2   15  25   0  33  17  10 0.35 1.15 0.70 0.85 0.20 0.20 0.20 0.50 0.75 0.25 0.85  1.4
WQ000 232 COTT  3   15  25   0  33  17  10 0.35 1.15 0.70 0.85 0.20 0.20 0.20 0.50 0.75 0.25 0.85  1.4
WQ000 233 FLAX 1    15  25   0  23  12  25 0.35 1.10 0.25 0.75 0.20 0.20 0.20 0.80 0.80 0.50 0.95  1.2
WQ000 234 FLAX 2    15  25   0  23  12  25 0.35 1.10 0.25 0.75 0.20 0.20 0.20 0.80 0.80 0.50 0.95  1.2
WQ000 235 FLAX 3    15  25   0  23  12  25 0.35 1.10 0.25 0.75 0.20 0.20 0.20 0.80 0.80 0.50 0.95  1.2
#      NR NAME     D1 D2a D2b D3a D3b  D4  Kc1  Kc3  Kc5  KcT  Ky1 Ky2a Ky2b Ky3a Ky3b  Ky4  KyT   hx
#----+--+--------+---+---+---+---+---+---+----+----+----+----+----+----+----+----+----+----+----+----+
WQ000 236 TOBAC T1  30  15  20   0  17  18 0.35 1.10 0.80 0.90 0.20 0.20 1.00 0.50 0.50 0.50 0.90  1.5
WQ000 237 TOBAC T2  30  15  20   0  17  18 0.35 1.10 0.80 0.90 0.20 0.20 1.00 0.50 0.50 0.50 0.90  1.5
WQ000 238 TOBAC T3  30  15  20   0  17  18 0.35 1.10 0.80 0.90 0.20 0.20 1.00 0.50 0.50 0.50 0.90  1.5
WQ000 239 TOBAC S1  30  15  20   0  17  18 0.35 1.10 0.80 0.90 0.20 0.20 1.00 0.50 0.50 0.50 0.90  1.5
WQ000 240 TOBAC S2  30  15  20   0  17  18 0.35 1.10 0.80 0.90 0.20 0.20 1.00 0.50 0.50 0.50 0.90  1.5
#      NR NAME     D1 D2a D2b D3a D3b  D4  Kc1  Kc3  Kc5  KcT  Ky1 Ky2a Ky2b Ky3a Ky3b  Ky4  KyT   hx
#----+--+--------+---+---+---+---+---+---+----+----+----+----+----+----+----+----+----+----+----+----+
WQ000 241 BANANA     5  25   0  50   0  20 0.80 1.10 0.80 0.95      0.20 0.20 1.10 0.75 0.20 1.25  5.0
WQ000 242 OILPALM    5  25   0  50   0  20 0.95 1.00 1.00 1.00                               1.30  8.0
WQ000 243 OLIVE     10  35   0  20   0  35 0.55 0.50 0.55 0.50                               0.65  4.0
WQ000 244 CITRUS-S  15  25   0  35   0  25 0.65 0.60 0.65 0.65                               0.80  3.5
WQ000 245 CITRUS-T  15  25   0  35   0  25 0.65 0.60 0.65 0.65                               0.80  3.5
WQ000 246 COCOA 1    5  25   0  50   0  20 1.00 1.05 1.05 1.00                               1.10  5.0
WQ000 247 COCOA 2    5  25   0  50   0  20 1.00 1.05 1.05 1.00                               1.10  5.0
WQ000 248 COFF AR    5  25   0  50   0  20 0.95 1.00 1.00 1.00                               1.10  2.5
WQ000 249 COFF RO    5  25   0  50   0  20 0.95 1.00 1.00 1.00                               1.10  2.5
#      NR NAME     D1 D2a D2b D3a D3b  D4  Kc1  Kc3  Kc5  KcT  Ky1 Ky2a Ky2b Ky3a Ky3b  Ky4  KyT   hx
#----+--+--------+---+---+---+---+---+---+----+----+----+----+----+----+----+----+----+----+----+----+
WQ000 250 COCONUT1   5  25   0  50   0  20 0.95 1.00 1.00 1.00                               1.30  10.
WQ000 251 COCONUT2   5  25   0  50   0  20 0.95 1.00 1.00 1.00                               1.30  8.0
WQ000 252 COCONUT3   5  25   0  50   0  20 0.95 1.00 1.00 1.00                               1.30  6.0
#      NR NAME     D1 D2a D2b D3a D3b  D4  Kc1  Kc3  Kc5  KcT  Ky1 Ky2a Ky2b Ky3a Ky3b  Ky4  KyT   hx
#----+--+--------+---+---+---+---+---+---+----+----+----+----+----+----+----+----+----+----+----+----+
WQ000 253 TEA 1      5  25   0  50   0  20 1.05 1.05 1.05 1.05                               1.10  1.5
WQ000 254 TEA 2      5  25   0  50   0  20 1.05 1.05 1.05 1.05                               1.10  1.5
WQ000 255 TEA 3      5  25   0  50   0  20 1.05 1.05 1.05 1.05                               1.10  1.5
#      NR NAME     D1 D2a D2b D3a D3b  D4  Kc1  Kc3  Kc5  KcT  Ky1 Ky2a Ky2b Ky3a Ky3b  Ky4  KyT   hx
#----+--+--------+---+---+---+---+---+---+----+----+----+----+----+----+----+----+----+----+----+----+
WQ000 256 CABBAGE1  25  35   0   0  30  10 0.70 1.05 0.95 0.90 0.20 0.20 0.20 0.45 0.45 0.60 0.95  0.4
WQ000 257 CABBAGE2  25  35   0   0  30  10 0.70 1.05 0.95 0.90 0.20 0.20 0.20 0.45 0.45 0.60 0.95  0.4
WQ000 258 CABBAGE3  25  35   0   0  30  10 0.70 1.05 0.95 0.90 0.20 0.20 0.20 0.45 0.45 0.60 0.95  0.4
WQ000 259 CABBAGE4  25  35   0   0  30  10 0.70 1.05 0.95 0.90 0.20 0.20 0.20 0.45 0.45 0.60 0.95  0.4
WQ000 260 CABBAGE5  25  35   0   0  30  10 0.70 1.05 0.95 0.90 0.20 0.20 0.20 0.45 0.45 0.60 0.95  0.4
WQ000 261 CABBAGE6  25  35   0   0  30  10 0.70 1.05 0.95 0.90 0.20 0.20 0.20 0.45 0.45 0.60 0.95  0.4
#      NR NAME     D1 D2a D2b D3a D3b  D4  Kc1  Kc3  Kc5  KcT  Ky1 Ky2a Ky2b Ky3a Ky3b  Ky4  KyT   hx
#----+--+--------+---+---+---+---+---+---+----+----+----+----+----+----+----+----+----+----+----+----+
WQ000 262 CARROT 1  20  25   0   0  40  15 0.70 1.05 0.95 0.90 0.20 0.40 0.40 0.80 0.80 0.30 1.10  0.3
WQ000 263 CARROT 2  20  25   0   0  40  15 0.70 1.05 0.95 0.90 0.20 0.40 0.40 0.80 0.80 0.30 1.10  0.3
WQ000 264 CARROT 3  20  25   0   0  40  15 0.70 1.05 0.95 0.90 0.20 0.40 0.40 0.80 0.80 0.30 1.10  0.3
WQ000 265 CARROT 4  20  25   0   0  40  15 0.70 1.05 0.95 0.90 0.20 0.40 0.40 0.80 0.80 0.30 1.10  0.3
WQ000 266 CARROT 5  20  25   0   0  40  15 0.70 1.05 0.95 0.90 0.20 0.40 0.40 0.80 0.80 0.30 1.10  0.3
WQ000 267 CARROT 6  20  25   0   0  40  15 0.70 1.05 0.95 0.90 0.20 0.40 0.40 0.80 0.80 0.30 1.10  0.3
WQ000 268 CARROT 7  20  25   0   0  40  15 0.70 1.05 0.95 0.90 0.20 0.40 0.40 0.80 0.80 0.30 1.10  0.3
WQ000 269 CARROT 8  20  25   0   0  40  15 0.70 1.05 0.95 0.90 0.20 0.40 0.40 0.80 0.80 0.30 1.10  0.3
WQ000 270 CARROT 9  20  25   0   0  40  15 0.70 1.05 0.95 0.90 0.20 0.40 0.40 0.80 0.80 0.30 1.10  0.3
#      NR NAME     D1 D2a D2b D3a D3b  D4  Kc1  Kc3  Kc5  KcT  Ky1 Ky2a Ky2b Ky3a Ky3b  Ky4  KyT   hx
#----+--+--------+---+---+---+---+---+---+----+----+----+----+----+----+----+----+----+----+----+----+
WQ000 271 ONION 1   10  20   0   0  45  25 0.70 1.05 0.75 0.85 0.20 0.45 0.45 0.80 0.80 0.30 1.10  0.4
WQ000 272 ONION 2   10  20   0   0  45  25 0.70 1.05 0.75 0.85 0.20 0.45 0.45 0.80 0.80 0.30 1.10  0.4
WQ000 273 ONION 3   10  20   0   0  45  25 0.70 1.05 0.75 0.85 0.20 0.45 0.45 0.80 0.80 0.30 1.10  0.4
WQ000 274 ONION 4   10  20   0   0  45  25 0.70 1.05 0.75 0.85 0.20 0.45 0.45 0.80 0.80 0.30 1.10  0.4
WQ000 275 ONION 5   10  20   0   0  45  25 0.70 1.05 0.75 0.85 0.20 0.45 0.45 0.80 0.80 0.30 1.10  0.4
WQ000 276 ONION 6   10  20   0   0  50  20 0.70 1.05 0.75 0.85 0.20 0.45 0.45 0.80 0.80 0.30 1.10  0.4
WQ000 277 ONION 7   10  20   0   0  50  20 0.70 1.05 0.75 0.85 0.20 0.45 0.45 0.80 0.80 0.30 1.10  0.4
WQ000 278 ONION 8   10  20   0   0  50  20 0.70 1.05 0.75 0.85 0.20 0.45 0.45 0.80 0.80 0.30 1.10  0.4
WQ000 279 ONION 9   10  20   0   0  45  25 0.70 1.05 0.75 0.85 0.20 0.45 0.45 0.80 0.80 0.30 1.10  0.4
WQ000 280 ONION 10  10  20   0   0  45  25 0.70 1.05 0.75 0.85 0.20 0.45 0.45 0.80 0.80 0.30 1.10  0.4
WQ000 281 ONION 11  10  20   0   0  45  25 0.70 1.05 0.75 0.85 0.20 0.45 0.45 0.80 0.80 0.30 1.10  0.4
WQ000 282 ONION 12  10  20   0   0  45  25 0.70 1.05 0.75 0.85 0.20 0.45 0.45 0.80 0.80 0.30 1.10  0.4
#      NR NAME     D1 D2a D2b D3a D3b  D4  Kc1  Kc3  Kc5  KcT  Ky1 Ky2a Ky2b Ky3a Ky3b  Ky4  KyT   hx
#----+--+--------+---+---+---+---+---+---+----+----+----+----+----+----+----+----+----+----+----+----+
WQ000 283 TOMATO 1  20  25   0  17  18  20 0.60 1.15 0.80 0.85 0.20 0.40 0.40 1.10 0.80 0.40 1.05  0.6
WQ000 284 TOMATO 2  20  25   0  17  18  20 0.60 1.15 0.80 0.85 0.20 0.40 0.40 1.10 0.80 0.40 1.05  0.6
WQ000 285 TOMATO 3  20  25   0  17  18  20 0.60 1.15 0.80 0.85 0.20 0.40 0.40 1.10 0.80 0.40 1.05  0.6
WQ000 286 TOMATO 4  20  25   0  17  18  20 0.60 1.15 0.80 0.85 0.20 0.40 0.40 1.10 0.80 0.40 1.05  0.6
WQ000 287 TOMATO 5  20  25   0  17  18  20 0.60 1.15 0.80 0.85 0.20 0.40 0.40 1.10 0.80 0.40 1.05  0.6
WQ000 288 TOMATO 6  20  25   0  17  18  20 0.60 1.15 0.80 0.85 0.20 0.40 0.40 1.10 0.80 0.40 1.05  0.6
WQ000 289 TOMATO 7  20  25   0  17  18  20 0.60 1.15 0.80 0.85 0.20 0.40 0.40 1.10 0.80 0.40 1.05  0.6
#      NR NAME     D1 D2a D2b D3a D3b  D4  Kc1  Kc3  Kc5  KcT  Ky1 Ky2a Ky2b Ky3a Ky3b  Ky4  KyT   hx
#----+--+--------+---+---+---+---+---+---+----+----+----+----+----+----+----+----+----+----+----+----+
WQ000 291 ALFALFA1   5  10   0  75   0  10 0.40 0.95 0.90 1.05                               0.85  0.6
WQ000 292 ALFALFA2   1   4   0  90   0   5 0.40 0.95 0.90 1.05                               0.85  0.6
WQ000 293 MISCANT1   1   9   0  85   0   5 0.40 1.05 1.00 1.05                               0.90  2.5
WQ000 294 MISCANT2   1   9   0  85   0   5 0.40 1.05 1.00 1.05                               0.90  2.5
WQ000 295 SWIGRASS   1   9   0  85   0   5 0.40 1.05 1.00 1.05                               0.90  2.0
WQ000 296 REEDCAN    1   9   0  85   0   5 0.40 1.05 1.00 1.05                               0.90  1.0
WQ000 297 JATROPHA   5  25   0  50   0  20 0.70 0.75 0.75 0.75                               0.70  5.0
WQ000 298 NAPIERGR   1   4   0  90   0   5 0.40 0.90 0.85 0.90                               0.85  0.7
WQ000 299 RUBBER     5  25   0  50   0  20 0.95 1.00 1.00 1.00                               1.25 10.0
#      NR  NAME     D1 D2a D2b D3a D3b  D4  Kc1  Kc3  Kc5  KcT  Ky1 Ky2a Ky2b Ky3a Ky3b  Ky4  KyT   hx
#----+--+--------+---+---+---+---+---+---+----+----+----+----+----+----+----+----+----+----+----+----+
WQ000 301 SOLARIS1   1  12  17   0  52  18 0.60 1.10 0.80 0.90 0.20 0.20 1.00 0.50 0.50 0.50 0.90  2.2
WQ000 302 SOLARIS2   1  12  17   0  52  18 0.60 1.10 0.80 0.90 0.20 0.20 1.00 0.50 0.50 0.50 0.90  2.2
WQ000 303 SOLARIS3   1  12  17   0  52  18 0.60 1.10 0.80 0.90 0.20 0.20 1.00 0.50 0.50 0.50 0.90  2.2
WQ000 304 SOLARIS4   1  10  13   0  64  12 0.60 1.10 0.80 0.90 0.20 0.20 1.00 0.50 0.50 0.50 0.90  2.2
WQ000 305 SOLARIS5   1  10  13   0  64  12 0.60 1.10 0.80 0.90 0.20 0.20 1.00 0.50 0.50 0.50 0.90  2.2
#      NR  NAME     D1 D2a D2b D3a D3b  D4  Kc1  Kc3  Kc5  KcT  Ky1 Ky2a Ky2b Ky3a Ky3b  Ky4  KyT hx
#----+--+--------+---+---+---+---+---+---+----+----+----+----+----+----+----+----+----+----+----+----+
WQ000 307 CAME W1   10  30   0  20  20  20 0.35 1.05 0.45 0.80 0.40 0.40 0.40 0.90 0.90 0.20 0.80  0.8
WQ000 308 CAME W2   10  30   0  20  20  20 0.35 1.05 0.45 0.80 0.40 0.40 0.40 0.90 0.90 0.20 0.80  0.8
WQ000 309 CAME W3   10  30   0  20  20  20 0.35 1.05 0.45 0.80 0.40 0.40 0.40 0.90 0.90 0.20 0.80  0.8
WQ000 310 CAME W4   10  30   0  20  20  20 0.35 1.05 0.45 0.80 0.40 0.40 0.40 0.90 0.90 0.20 0.80  0.8
WQ000 311 CAME SP1  10  35   0  15  20  20 0.35 1.05 0.45 0.80 0.40 0.40 0.40 0.90 0.90 0.20 0.80  0.8
WQ000 312 CAME SP2  10  35   0  15  20  20 0.35 1.05 0.45 0.80 0.40 0.40 0.40 0.90 0.90 0.20 0.80  0.8
WQ000 313 CAME AU1  10  35   0  15  20  20 0.35 1.05 0.45 0.80 0.40 0.40 0.40 0.90 0.90 0.20 0.80  0.8
WQ000 314 CAME AU2  10  35   0  15  20  20 0.35 1.05 0.45 0.80 0.40 0.40 0.40 0.90 0.90 0.20 0.80  0.8
WQ000 315 CAME RB1  10  35   0  15  20  20 0.35 1.05 0.45 0.80 0.40 0.40 0.40 0.90 0.90 0.20 0.80  0.8
WQ000 316 CAME RB2  10  35   0  15  20  20 0.35 1.05 0.45 0.80 0.40 0.40 0.40 0.90 0.90 0.20 0.80  0.8
WQ000 317 CAME RB3  10  35   0  15  20  20 0.35 1.05 0.45 0.80 0.40 0.40 0.40 0.90 0.90 0.20 0.80  0.8
WQ000 318 CAME RB4  10  35   0  15  20  20 0.35 1.05 0.45 0.80 0.40 0.40 0.40 0.90 0.90 0.20 0.80  0.8
WQ000 319 CAME ST1  10  40   0  20  15  15 0.35 1.05 0.45 0.80 0.40 0.40 0.40 0.90 0.90 0.20 0.80  0.8
WQ000 320 CAME ST2  10  40   0  20  15  15 0.35 1.05 0.45 0.80 0.40 0.40 0.40 0.90 0.90 0.20 0.80  0.8
#      NR  NAME     D1 D2a D2b D3a D3b  D4  Kc1  Kc3  Kc5  KcT  Ky1 Ky2a Ky2b Ky3a Ky3b  Ky4  KyT hx
#----+--+--------+---+---+---+---+---+---+----+----+----+----+----+----+----+----+----+----+----+----+
WQ000 321 TRIT W1   15  30   0  12  18  25 0.40 1.15 0.30 0.85 0.20 0.20 0.20 0.60 0.50 0.20 1.05  1.2
WQ000 322 TRIT W2   15  30   0  12  18  25 0.40 1.15 0.30 0.85 0.20 0.20 0.20 0.60 0.50 0.20 1.05  1.2
WQ000 323 TRIT W3   15  30   0  12  18  25 0.40 1.15 0.30 0.85 0.20 0.20 0.20 0.60 0.50 0.20 1.05  1.2
WQ000 324 TRIT SP1  15  25   0  13  22  25 0.30 1.10 0.30 0.85 0.20 0.20 0.20 0.65 0.55 0.20 1.15  1.2
WQ000 325 TRIT SP2  15  25   0  13  22  25 0.30 1.10 0.30 0.85 0.20 0.20 0.20 0.65 0.55 0.20 1.15  1.2
WQ000 326 TRIT SP3  15  25   0  13  22  25 0.30 1.10 0.30 0.85 0.20 0.20 0.20 0.65 0.55 0.20 1.15  1.2
WQ000 327 TRIT TR1  15  25   0  13  22  25 0.30 1.10 0.30 0.85 0.20 0.20 0.20 0.65 0.55 0.20 1.15  1.2
WQ000 328 TRIT TR2  15  25   0  13  22  25 0.30 1.10 0.30 0.85 0.20 0.20 0.20 0.65 0.55 0.20 1.15  1.2
WQ000 329 TRIT TR3  15  25   0  13  22  25 0.30 1.10 0.30 0.85 0.20 0.20 0.20 0.65 0.55 0.20 1.15  1.2
WQ000 330 TRIT TR4  15  25   0  13  22  25 0.30 1.10 0.30 0.85 0.20 0.20 0.20 0.65 0.55 0.20 1.15  1.2
#     NR  NAME     D1 D2a D2b D3a D3b  D4  Kc1  Kc3  Kc5  KcT  Ky1 Ky2a Ky2b Ky3a Ky3b  Ky4  KyT   hx
#----+--+--------+---+---+---+---+---+---+----+----+----+----+----+----+----+----+----+----+----+----+
WQ000 331 CARI SP1  10  30   0  22  18  20 0.35 1.05 0.35 0.80 0.20 0.20 0.20 0.80 1.00 0.20 0.85  0.6
WQ000 332 CARI SP2  10  30   0  22  18  20 0.35 1.05 0.35 0.80 0.20 0.20 0.20 0.80 1.00 0.20 0.85  0.6
WQ000 333 CARI SP3  10  30   0  22  18  20 0.35 1.05 0.35 0.80 0.20 0.20 0.20 0.80 1.00 0.20 0.85  0.6
WQ000 334 CARI SP4  10  30   0  22  18  20 0.35 1.05 0.35 0.80 0.20 0.20 0.20 0.80 1.00 0.20 0.85  0.6
WQ000 335 CARI ST1  10  30   0  22  18  20 0.35 1.05 0.35 0.80 0.20 0.20 0.20 0.80 1.00 0.20 0.85  0.6
WQ000 336 CARI ST2  10  30   0  22  18  20 0.35 1.05 0.35 0.80 0.20 0.20 0.20 0.80 1.00 0.20 0.85  0.6
WQ000 337 CARI ST3  10  30   0  22  18  20 0.35 1.05 0.35 0.80 0.20 0.20 0.20 0.80 1.00 0.20 0.85  0.6
WQ000 338 CARI ST4  10  30   0  22  18  20 0.35 1.05 0.35 0.80 0.20 0.20 0.20 0.80 1.00 0.20 0.85  0.6
WQ000 339 CARI RB1  10  30   0  22  18  20 0.35 1.05 0.35 0.80 0.20 0.20 0.20 0.80 1.00 0.20 0.85  0.6
WQ000 340 CARI RB2  10  30   0  22  18  20 0.35 1.05 0.35 0.80 0.20 0.20 0.20 0.80 1.00 0.20 0.85  0.6
#     NR  NAME     D1 D2a D2b D3a D3b  D4  Kc1  Kc3  Kc5  KcT  Ky1 Ky2a Ky2b Ky3a Ky3b  Ky4  KyT   hx
#----+--+--------+---+---+---+---+---+---+----+----+----+----+----+----+----+----+----+----+----+----+
WQ000 341 ECANE V2  10  15   0   0  45  30 0.40 1.25 0.75 1.00                               1.20  3.0
WQ000 342 ECANE V3  10  15   0   0  45  30 0.40 1.25 0.75 1.00                               1.20  3.0
WQ000 343 MACAUBA    5  25   0  50   0  20 0.95 1.00 1.00 1.00                               1.30  8.0
WQ000 344 MACAUBA2   5  25   0  50   0  20 0.95 1.00 1.00 1.00                               1.30  8.0
WQ000 345 DATEPLM1  10  20   0  50   0  20 0.60 0.70 0.60 0.65                               0.65  8.0
WQ000 346 DATEPLM2  10  20   0  50   0  20 0.60 0.70 0.60 0.65                               0.65  8.0
WQ000 347 DATEPLM2  10  20   0  50   0  20 0.60 0.70 0.60 0.65                               0.65  8.0
#     NR  NAME     D1 D2a D2b D3a D3b  D4  Kc1  Kc3  Kc5  KcT  Ky1 Ky2a Ky2b Ky3a Ky3b  Ky4  KyT   hx
#----+--+--------+---+---+---+---+---+---+----+----+----+----+----+----+----+----+----+----+----+----+
WQ000 349 CASTOR 1  20  30   0  12  18  20 0.40 1.05 0.35 0.75 0.20 0.20 0.20 1.10 0.75 0.20 1.15  2.0
WQ000 350 CASTOR 2  20  30   0  12  18  20 0.40 1.05 0.35 0.75 0.20 0.20 0.20 1.10 0.75 0.20 1.15  2.0
WQ000 351 SESAME 1  20  30   0  30   0  20 0.35 1.10 0.25 0.90 0.20 0.20 0.20 0.55 0.45 0.20 0.90  0.8
WQ000 352 SESAME 2  20  30   0  30   0  20 0.35 1.10 0.25 0.90 0.20 0.20 0.20 0.55 0.45 0.20 0.90  0.8
WQ000 353 SESAME 3  20  30   0  30   0  20 0.35 1.10 0.25 0.90 0.20 0.20 0.20 0.55 0.45 0.20 0.90  0.9
WQ000 354 SESAME 4  20  30   0  30   0  20 0.35 1.10 0.25 0.90 0.20 0.20 0.20 0.55 0.45 0.20 0.90  1.0
WQ000 355 SESAME 5  20  30   0  30   0  20 0.35 1.10 0.25 0.90 0.20 0.20 0.20 0.55 0.45 0.20 0.90  1.0
#     NR  NAME     D1 D2a D2b D3a D3b  D4  Kc1  Kc3  Kc5  KcT  Ky1 Ky2a Ky2b Ky3a Ky3b  Ky4  KyT   hx
#----+--+--------+---+---+---+---+---+---+----+----+----+----+----+----+----+----+----+----+----+----+
WQ000 356 CYAM-DL   20  30   0   0  30  20 0.50 1.10 0.95 0.85                               1.10  2.0
WQ000 357 CYAM-WL   20  30   0   0  30  20 0.50 1.10 0.95 0.85                               1.10  2.0
WQ000 358 CYAM-XS   20  30   0   0  30  20 0.50 1.10 0.95 0.85                               1.10  2.5
#     NR  NAME     D1 D2a D2b D3a D3b  D4  Kc1  Kc3  Kc5  KcT  Ky1 Ky2a Ky2b Ky3a Ky3b  Ky4  KyT   hx
#----+--+--------+---+---+---+---+---+---+----+----+----+----+----+----+----+----+----+----+----+----+
WQ000 361 CASHEW     5  25   0  50   0  20 0.80 1.00 0.80 0.90                               0.90  6.0
WQ000 362 MANGO 1    5  25   0  50   0  20 0.80 1.10 0.80 0.95                               1.10  8.0
WQ000 363 MANGO 2    5  25   0  50   0  20 0.80 1.10 0.80 0.95                               1.10  8.0
#     NR  NAME     D1 D2a D2b D3a D3b  D4  Kc1  Kc3  Kc5  KcT  Ky1 Ky2a Ky2b Ky3a Ky3b  Ky4  KyT   hx
#----+--+--------+---+---+---+---+---+---+----+----+----+----+----+----+----+----+----+----+----+----+
WQ000 364 FIMLLT 1  15  30   0  13  27  15 0.30 1.05 0.55 0.80 0.40 0.40 0.40 1.50 0.50 0.20 1.25  1.2
WQ000 365 FIMLLT 2  15  30   0  13  27  15 0.30 1.05 0.55 0.80 0.40 0.40 0.40 1.50 0.50 0.20 1.25  1.2
WQ000 366 FIMLLT 3  15  30   0  13  27  15 0.30 1.05 0.55 0.80 0.40 0.40 0.40 1.50 0.50 0.20 1.25  1.2
WQ000 367 FIMLLT 4  15  30   0  13  27  15 0.30 1.05 0.55 0.80 0.40 0.40 0.40 1.50 0.50 0.20 1.25  1.2
WQ000 368 FIMLLT 5  15  30   0  13  27  15 0.30 1.05 0.55 0.80 0.40 0.40 0.40 1.50 0.50 0.20 1.25  1.2
WQ000 369 FIMLLT 6  15  30   0  13  27  15 0.30 1.05 0.55 0.80 0.40 0.40 0.40 1.50 0.50 0.20 1.25  1.2
WQ000 370 FONIO 1   10  25   0  13  27  25 0.30 1.00 0.30 0.80 0.20 0.20 0.20 0.60 0.80 0.20 0.90  0.7
WQ000 371 FONIO 2   10  25   0  13  27  25 0.30 1.00 0.30 0.80 0.20 0.20 0.20 0.60 0.80 0.20 0.90  0.7
WQ000 372 FONIO 3   10  25   0  13  27  25 0.30 1.00 0.30 0.80 0.20 0.20 0.20 0.60 0.80 0.20 0.90  0.7
WQ000 373 FONIO 4   10  25   0  13  27  25 0.30 1.00 0.30 0.80 0.20 0.20 0.20 0.60 0.80 0.20 0.90  0.7 
WQ000 374 FONIO 5   10  25   0  13  27  25 0.30 1.00 0.30 0.80 0.20 0.20 0.20 0.60 0.80 0.20 0.90  0.7
WQ000 375 TEFF 1    15  30   0  13  27  15 0.30 1.05 0.55 0.80 0.20 0.20 0.20 0.55 0.45 0.20 0.90  1.2
WQ000 376 TEFF 2    15  30   0  13  27  15 0.30 1.05 0.55 0.80 0.20 0.20 0.20 0.55 0.45 0.20 0.90  1.2
WQ000 377 TEFF 3    15  30   0  13  27  15 0.30 1.05 0.55 0.80 0.20 0.20 0.20 0.55 0.45 0.20 0.90  1.2 
WQ000 378 TEFF 4    15  30   0  13  27  15 0.30 1.05 0.55 0.80 0.20 0.20 0.20 0.55 0.45 0.20 0.90  1.2
WQ000 379 TEFF 5    15  30   0  13  27  15 0.30 1.05 0.55 0.80 0.20 0.20 0.20 0.55 0.45 0.20 0.90  1.2
#     NR  NAME     D1 D2a D2b D3a D3b  D4  Kc1  Kc3  Kc5  KcT  Ky1 Ky2a Ky2b Ky3a Ky3b  Ky4  KyT   hx
#----+--+--------+---+---+---+---+---+---+----+----+----+----+----+----+----+----+----+----+----+----+
WQ000 380 OKRA 1    20  25   0  17  18  20 0.60 1.15 0.80 0.85 0.20 0.40 0.40 1.10 0.80 0.40 1.05  2.0
WQ000 381 OKRA 2    20  25   0  17  18  20 0.60 1.15 0.80 0.85 0.20 0.40 0.40 1.10 0.80 0.40 1.05  2.0
WQ000 382 OKRA 3    20  25   0  17  18  20 0.60 1.15 0.80 0.85 0.20 0.40 0.40 1.10 0.80 0.40 1.05  2.0  
WQ000 383 OKRA 4    20  25   0  17  18  20 0.60 1.15 0.80 0.85 0.20 0.40 0.40 1.10 0.80 0.40 1.05  2.0 
WQ000 384 OKRA 5    20  25   0  17  18  20 0.60 1.15 0.80 0.85 0.20 0.40 0.40 1.10 0.80 0.40 1.05  2.0 
WQ000 385 OKRA 6    20  25   0  17  18  20 0.60 1.15 0.80 0.85 0.20 0.40 0.40 1.10 0.80 0.40 1.05  2.0 
WQ000 386 OKRA 7    20  25   0  17  18  20 0.60 1.15 0.80 0.85 0.20 0.40 0.40 1.10 0.80 0.40 1.05  2.0
WQ000 387 WATERML1  10  15  15  30   0  30 0.50 1.00 0.80 0.80 0.45 0.70 0.70 0.80 0.80 0.30 1.10  0.4
WQ000 388 WATERML2  10  15  15  30   0  30 0.50 1.00 0.80 0.80 0.45 0.70 0.70 0.80 0.80 0.30 1.10  0.4
WQ000 389 WATERML3  10  15  15  30   0  30 0.50 1.00 0.80 0.80 0.45 0.70 0.70 0.80 0.80 0.30 1.10  0.4
#     NR  NAME      D1 D2a D2b D3a D3b  D4  Kc1  Kc3  Kc5  KcT  Ky1 Ky2a Ky2b Ky3a Ky3b  Ky4  KyT   hx
#----+--+--------+---+---+---+---+---+---+----+----+----+----+----+----+----+----+----+----+----+----+
WQ000 391 AVOCA TL   5  25   0  50   0  20 0.60 0.85 0.75 0.78                               1.20  3.0
WQ000 392 AVOCA TH   5  25   0  50   0  20 0.60 0.85 0.75 0.78                               1.20  3.0
WQ000 393 AVOCA ST   5  25   0  50   0  20 0.60 0.85 0.75 0.78                               1.20  3.0
#----+--+--------+---+---+---+---+---+---+----+----+----+----+----+----+----+----+----+----+----+----+
WQ000 395 CUR.MAX1  20  30   0  30   0  20 0.50 1.00 0.80 0.80 0.45 0.70 0.70 0.80 0.80 0.30 1.10  0.4
WQ000 396 CUR.MAX2  20  30   0  30   0  20 0.50 1.00 0.80 0.80 0.45 0.70 0.70 0.80 0.80 0.30 1.10  0.4
WQ000 397 CUR.MAX3  20  30   0  30   0  20 0.50 1.00 0.80 0.80 0.45 0.70 0.70 0.80 0.80 0.30 1.10  0.4
WQ000 398 CUR.MOS1  20  30   0  30   0  20 0.50 1.00 0.80 0.80 0.45 0.70 0.70 0.80 0.80 0.30 1.10  0.4
WQ000 399 CUR.MOS2  20  30   0  30   0  20 0.50 1.00 0.80 0.80 0.45 0.70 0.70 0.80 0.80 0.30 1.10  0.4
WQ000 400 CUR.MOS3  20  30   0  30   0  20 0.50 1.00 0.80 0.80 0.45 0.70 0.70 0.80 0.80 0.30 1.10  0.4
WQ000 401 CUR.MOS4  20  30   0  30   0  20 0.50 1.00 0.80 0.80 0.45 0.70 0.70 0.80 0.80 0.30 1.10  0.4
WQ000 402 CUR.PEP1  20  30   0  30   0  20 0.50 1.00 0.80 0.80 0.45 0.70 0.70 0.80 0.80 0.30 1.10  0.4
WQ000 403 CUR.PEP2  20  30   0  30   0  20 0.50 1.00 0.80 0.80 0.45 0.70 0.70 0.80 0.80 0.30 1.10  0.4
WQ000 404 CUR.PEP3  20  30   0  30   0  20 0.50 1.00 0.80 0.80 0.45 0.70 0.70 0.80 0.80 0.30 1.10  0.4
#     NR  NAME      D1 D2a D2b D3a D3b  D4  Kc1  Kc3  Kc5  KcT  Ky1 Ky2a Ky2b Ky3a Ky3b  Ky4  KyT   hx
#----+--+--------+---+---+---+---+---+---+----+----+----+----+----+----+----+----+----+----+----+----+
WQ000 406 SOL.AET1
WQ000 407 SOL.AET2
WQ000 408 SOL.AET3
WQ000 409 SOL.MAC1
WQ000 410 SOL.MAC2
#      NR NAME     D1 D2a D2b D3a D3b  D4  Kc1  Kc3  Kc5  KcT  Ky1 Ky2a Ky2b Ky3a Ky3b  Ky4  KyT   hx
#----+--+--------+---+---+---+---+---+---+----+----+----+----+----+----+----+----+----+----+----+----+
WQ000 431 GRLEG 1    5  10   0  75   0  10  0.3 0.75 0.75  0.7                                0.9  0.1
WQ000 432 GRLEG 2    1   4   0  90   0   5  0.3 0.75 0.75  0.7                                0.9  0.1
WQ000 433 GRASS 1    5  10   0  75   0  10  0.3 0.75 0.75  0.7                                0.9  0.2
WQ000 434 GRASS 2    1   4   0  90   0   5  0.3 0.75 0.75  0.7                                0.9  0.2
WQ000 435 GRASS 3    5  10   0  75   0  10  0.3 0.75 0.75  0.7                                0.9  0.2
WQ000 436 GRASS 4    1   4   0  90   0   5  0.3 0.75 0.75  0.7                                0.9  0.2
WQ000 437 BRACH SC   1   4   0  90   0   5 0.45 0.90 0.85 0.90                               0.85  0.7
WQ000 438 BRACH SI   1   4   0  90   0   5 0.40 0.80 0.75 0.85                               0.85  0.7