#PARAMETER:     BIOMASS  (high input level)   (APR 2026)
#  6x i3  i4 i2 a8       i3  i3 i3 i2i2i2 i4              f5.1 f5.1 f5.2 f5.2 f5.1 f5.2 f5.2    i6    i6    i6    i6
#     NR TYP O  NAME     CYA CYB A M W L CYC  TTSSSTTTBBBA  TMN TREF  TSS   HI MLAI  YF% cBNA  TS1n  TS2n  TS1x  TS2x
#---- +--+---+-+--------+---+---+--+-+-+-+---+------------+----+----+----+----+----+----+----+-----+-----+-----+-----
BI000 119 364 1 FIMLLT 1   0 105  9 1 6 0 105 111110000000 10.0 19.5 1.00 0.15 2.50 0.33 0.50  1890  1575  2835	 3150
BI000 119 365 1 FIMLLT 2   0 120  9 1 6 0 120 111110000000 10.0 19.5 1.00 0.20 2.50 0.33 0.50  2100  1740  3120	 3480
BI000 119 366 1 FIMLLT 3   0 135  9 1 6 0 135 111110000000 10.0 19.0 1.00 0.20 2.70 0.33 0.50  2295  1890  3375	 3780
BI000 119 367 1 FIMLLT 4   0 150  9 1 6 0 150 111110000000 10.0 18.5 1.00 0.20 2.70 0.33 0.50  2475  2025  3600	 4050
BI000 119 368 1 FIMLLT 5   0 165  9 1 6 0 165 111110000000 10.0 18.0 1.00 0.20 3.00 0.33 0.50  2640  2145  3795	 4290
BI000 119 369 1 FIMLLT 6   0 180  9 1 6 0 180 111110000000 10.0 17.5 1.00 0.20 3.00 0.33 0.50  2790  2250  3960	 4500
BI000 120 370 1 FONIO 1    0  75  8 1 4 0  75 111110000000 15.0 27.5 0.00 0.12 2.15 0.33 0.50  1650  1350  2250	 2625
BI000 120 371 1 FONIO 2    0  90  8 1 4 0  90 111110000000 15.0 27.5 0.00 0.15 2.30 0.33 0.50  1934  1575  2655	 3060
BI000 120 372 1 FONIO 3    0 105  8 1 4 0 105 111110000000 15.0 27.5 0.00 0.15 2.45 0.33 0.50  2203  1785  3045	 3465
BI000 120 373 1 FONIO 4    0 120  8 1 4 0 120 111110000000 15.0 27.5 0.00 0.15 2.60 0.33 0.50  2456  1980  3420	 3840
BI000 120 374 1 FONIO 5    0 135  8 1 4 0 135 111110000000 15.0 27.5 0.00 0.15 2.75 0.33 0.50  2695  2160  3780	 4185
BI000 121 375 1 TEFF 1     0  90  9 1 6 0  90 111110000000 10.0 20.0 1.00 0.15 2.30 0.33 0.50  1620  1350  2430	 2700
BI000 121 376 1 TEFF 2     0 105  9 1 6 0 105 111110000000 10.0 20.0 1.00 0.15 2.45 0.33 0.50  1838  1523  2730	 3045
BI000 121 377 1 TEFF 3     0 120  9 1 6 0 120 111110000000 10.0 19.5 1.00 0.18 2.60 0.33 0.50  2040  1680  3000	 3360
BI000 121 378 1 TEFF 4     0 135  9 1 6 0 135 111110000000 10.0 19.0 1.00 0.20 2.75 0.33 0.50  2228  1823  3240	 3645 
BI000 121 379 1 TEFF 5     0 150  9 1 6 0 150 111110000000 10.0 18.5 1.00 0.20 2.90 0.33 0.50  2240  1950  3450	 3900
#     NR TYP  O NAME     CYA CYB  A M W L CYC TTSSSTTTBBBA  TMN TREF  TSS   HI MLAI  YF% cBNA  TS1n  TS2n  TS1x  TS2x
#---- +--+---+-+--------+---+---+--+-+-+-+---+------------+----+----+----+----+----+----+----+-----+-----+-----+-----
BI000 122 380 1 OKRA 1     0  60  4 1 4 0  60 111110000000 10.0 27.5 0.00 0.10 3.30 0.75 0.50  1350  1200  1950	 2100
BI000 122 381 1 OKRA 2     0  75  4 1 4 0  75 111110000000 10.0 27.5 0.00 0.15 3.50 0.75 0.50  1688  1500  2438	 2625   
BI000 122 382 1 OKRA 3     0  90  4 1 4 0  90 111110000000 10.0 27.5 0.00 0.20 3.70 0.75 0.50  2025  1800  2925	 3150
BI000 122 383 1 OKRA 4     0 105  4 1 4 0 105 111110000000 10.0 27.5 0.00 0.24 4.00 0.75 0.50  2363  2100  3413	 3675
BI000 122 384 1 OKRA 5     0 120  4 1 4 0 120 111110000000 10.0 27.5 0.00 0.27 4.00 0.75 0.50  2700  2400  3900	 4200
BI000 122 385 1 OKRA 6     0 135  4 1 4 0 135 111110000000 10.0 27.5 0.00 0.30 4.00 0.75 0.50  3038  2700  4388	 4725
BI000 122 386 1 OKRA 7     0 150  4 1 4 0 150 111110000000 10.0 27.5 0.00 0.30 4.00 0.75 0.50  3375  3000  4875	 5255
BI000 123 387 1 WATERML1   0 120  4 1 4 0 120 111110000000 15.0 27.5 0.00 0.20 3.00 0.75 0.50  2880  2400  3600	 4080 
BI000 123 388 1 WATERML2   0 135  4 1 4 0 135 111110000000 15.0 27.5 0.00 0.23 3.25 0.75 0.50  3105  2565  3915	 4455 
BI000 123 389 1 WATERML3   0 150  4 1 4 0 150 111110000000 15.0 27.5 0.00 0.25 3.50 0.75 0.50  3300  2700  4200	 4800
#      NR TYP O NAME     CYA CYB  A M W L CYC TTSSSTTTBBBA  TMN TREF  TSS   HI MLAI  YF% cBNA  TS1n  TS2n  TS1x  TS2x
#---- +--+---+-+--------+---+---+--+-+-+-+---+------------+----+----+----+----+----+----+----+-----+-----+-----+-----
BI000 125 391 1 AVOCA TL   0 360 29 2 8 0 360 111000000000 10.0 25.0 0.00 0.10 3.50 0.90 0.50  7300  6300  9500	10220
BI000 126 392 1 AVOCA TH   0 360 30 2 8 0 360 110000000000  5.0 22.5 0.00 0.14 4.00 0.90 0.50  5500  4500  6300	 7300
BI000 127 393 1 AVOCA ST   0 360 31 2 8 0 360 001110000000  5.0 22.5 0.00 0.18 4.50 0.90 0.50  6000  5000  7300	 8500
#      NR TYP O NAME     CYA CYB  A M W L CYC TTSSSTTTBBBA  TMN TREF  TSS   HI MLAI  YF% cBNA  TS1n  TS2n  TS1x  TS2x
#---- +--+---+-+--------+---+---+--+-+-+-+---+------------+----+----+----+----+----+----+----+-----+-----+-----+-----
BI000 128 395 1 CUR.MAX1   0  90 32 1 2 0  90 011111110000 14.0 22.5 0.00 0.25 2.50 0.45 0.50  1800  1260  2250	 2610
BI000 128 396 1 CUR.MAX2   0 120 32 1 2 0 120 011111110000 14.0 22.5 0.00 0.30 3.00 0.45 0.50  2160  1440  2880	 3240
BI000 128 397 1 CUR.MAX3   0 150 32 1 2 0 150 011111110000 14.0 22.5 0.00 0.35 3.50 0.45 0.50  2400  1500  3450	 3750
BI000 129 398 1 CUR.MOS1   0  90 33 1 2 0  90 111110000000 15.0 27.5 0.00 0.38 2.50 0.45 0.50  1980  1620  2700	 2880
BI000 129 399 1 CUR.MOS2   0 120 33 1 2 0 120 111110000000 15.0 27.5 0.00 0.42 3.00 0.45 0.50  2520  1920  3360	 3600
BI000 130 400 1 CUR.MOS3   0 150 33 1 2 0 150 111110000000 15.0 27.5 0.00 0.46 3.50 0.45 0.50  3000  2100  3900	 4200
BI000 130 401 1 CUR.MOS4   0 180 33 1 2 0 180 111110000000 15.0 27.5 0.00 0.50 4.00 0.45 0.50  3420  2160  4320	 4680
BI000 131 402 1 CUR.PEP1   0  75 32 1 2 0  75 011111110000 14.0 22.5 0.00 0.18 2.40 0.45 0.50  1650  1125  1950	 2250
BI000 131 403 1 CUR.PEP2   0  90 32 1 2 0  90 011111110000 14.0 22.5 0.00 0.23 2.60 0.45 0.50  1800  1260  2250	 2610
BI000 131 404 1 CUR.PEP3   0 105 32 1 2 0 105 011111110000 14.0 22.5 0.00 0.28 2.80 0.45 0.50  1890  1365  2520	 2940
