#PARAMETER:     BIOMASS  (low input level)    (APRIL 2026)
#  6x i3  i4 i2 a8       i3  i3 i3 i2i2i2 i4              f5.1 f5.1 f5.2 f5.2 f5.1 f5.2 f5.2    i6    i6    i6    i6
#     NR TYP O  NAME     CYA CYB A M W L CYC  TTSSSTTTBBBA TMN TREF  TSS   HI MLAI  YF% cBNA  TS1n  TS2n  TS1x  TS2x
#-----+- +---+-+--------+---+---+--+-+-+-+---+------------+----+----+----+----+----+----+----+-----+-----+-----+-----
BI000   1   1 1 WWHEA 1   35+105  2 1 6 0 140 001111110000  5.0 17.5 0.25 0.20 2.50 0.33 0.55  1400  1300  2050  2300
BI000   1   2 1 WWHEA 2   40+120  2 1 6 0 160 001111110000  5.0 17.5 0.25 0.20 2.50 0.33 0.55  1500  1400  2200  2500
BI000   1   3 1 WWHEA 3   45+135  2 1 6 0 180 001111110000  5.0 17.5 0.25 0.20 2.50 0.33 0.55  1600  1500  2350  2700
BI000   1   4 1 WWHEA 4   50+150  2 1 6 0 200 001111110000  5.0 17.5 0.25 0.20 2.50 0.33 0.55  1700  1600  2500  2900
BI000   2   5 1 SWHEA 1    0  90  1 1 6 0  90 001111111110  5.0 17.5 0.25 0.15 1.80 0.33 0.50  1300  1200  1900  2100
BI000   2   6 1 SWHEA 2    0 105  1 1 6 0 105 001111111110  5.0 17.5 0.25 0.15 2.00 0.33 0.50  1400  1300  2050  2300
BI000   2   7 1 SWHEA 3    0 120  1 1 6 0 120 001111111110  5.0 17.5 0.25 0.15 2.30 0.33 0.50  1500  1400  2200  2500
BI000   2   8 1 SWHEA 4    0 135  1 1 6 0 135 001111111110  5.0 17.5 0.25 0.15 2.50 0.33 0.50  1600  1500  2350  2700
BI000   2   9 1 SWHEA 5    0 150  1 1 6 0 150 001111111110  5.0 17.5 0.25 0.15 2.50 0.33 0.50  1700  1600  2500  2900
BI000   3  10 1 WHEA ST1   0 105  1 1 6 0 105 011111110000  5.0 17.5 0.25 0.20 2.50 0.33 0.50  1500  1400  2050  2300
BI000   3  11 1 WHEA ST2   0 120  1 1 6 0 120 011111110000  5.0 17.5 0.25 0.20 2.50 0.33 0.50  1600  1500  2200  2500
BI000   3  12 1 WHEA ST3   0 135  1 1 6 0 135 011111110000  5.0 17.5 0.25 0.20 2.50 0.33 0.50  1700  1600  2350  2700
BI000   3  13 1 WHEA ST4   0 150  1 1 6 0 150 011111110000  5.0 17.5 0.25 0.20 2.50 0.33 0.50  1800  1700  2500  2900
BI000   4  14 1 WHEA TR1   0 100  3 1 6 0 100 111110000000  5.0 17.5 1.00 0.15 1.80 0.33 0.50  1350  1250  2200  2550
BI000   4  15 1 WHEA TR2   0 115  3 1 6 0 115 111110000000  5.0 16.3 1.00 0.15 2.00 0.33 0.50  1500  1375  2400  2950
BI000   4  16 1 WHEA TR3   0 130  3 1 6 0 130 111110000000  5.0 15.0 1.00 0.15 2.30 0.33 0.50  1650  1500  2600  3350
BI000   4  17 1 WHEA TR4   0 145  3 1 6 0 145 111110000000  5.0 13.7 1.00 0.15 2.50 0.33 0.50  1800  1625  2800  3750
BI000   4  18 1 WHEA TR5   0 160  3 1 6 0 160 010000000000  5.0 12.5 1.00 0.15 2.50 0.33 0.50  1800  1625  2800  3750
BI000   4  19 1 WHEA TR6   0 175  3 1 6 0 175 010000000000  5.0 11.3 1.00 0.15 2.50 0.33 0.50  1800  1625  2800  3750
BI000   4  20 1 WHEA TR7   0 190  3 1 6 0 190 010000000000  5.0 10.0 1.00 0.15 2.50 0.33 0.50  1800  1625  2800  3750
#     NR TYP O  NAME     CYA CYB A M W L CYC  TTSSSTTTBBBA TMN TREF  TSS   HI MLAI  YF% cBNA  TS1n  TS2n  TS1x  TS2x
#---- -+-+---+-+--------+---+---+--+-+-+-+---+------------+----+----+----+----+----+----+----+-----+-----+-----+-----
BI000   5  21 1 RICEJP 1   0 105  6 1 2 0 105 011111110000  7.5 24.0 0.25 0.15 2.50 0.33 0.50  2050  1900  2850  3000
BI000   5  22 1 RICEJP 2   0 120  6 1 2 0 120 011111110000  7.5 23.5 0.25 0.15 2.50 0.33 0.50  2250  2100  3100  3250
BI000   5  23 1 RICEJP 3   0 135  6 1 2 0 135 011111110000  7.5 23.0 0.25 0.15 3.00 0.33 0.50  2450  2300  3350  3500
BI000   5  24 1 RICEJP 4   0 150  6 1 2 0 150 011111110000  7.5 22.0 0.25 0.15 3.00 0.33 0.50  2650  2500  3500  3700
BI000   5  25 1 RICEJP 5   0 165  6 1 2 0 165 011111110000  7.5 21.0 0.25 0.14 3.00 0.33 0.50  2800  2600  3650  3850
BI000   5  26 1 RICEJP 6   0 180  6 1 2 0 180 011111110000  7.5 20.0 0.25 0.14 3.00 0.33 0.50  2900  2700  3800  4000
BI000   5  27 1 RICEJP 7   0 195  6 1 2 0 195 011111110000  7.5 19.0 0.25 0.13 3.00 0.33 0.50  3000  2750  3900  4100
BI000   6  28 1 RICEIN 1   0 105  5 1 2 0 105 111111110000 15.0 30.0 0.00 0.20 2.50 0.33 0.50  2600  2500  3150  3600
BI000   6  29 1 RICEIN 2   0 120  5 1 2 0 120 111111110000 15.0 28.5 0.00 0.20 2.50 0.33 0.50  2800  2700  3600  3900
BI000   6  30 1 RICEIN 3   0 135  5 1 2 0 135 111111110000 15.0 27.0 0.00 0.20 3.00 0.33 0.50  3000  2900  4000  4200
BI000   6  31 1 RICEIN 4   0 150  5 1 2 0 150 111111110000 15.0 25.0 0.00 0.20 3.00 0.33 0.50  3150  3000  4250  4500
BI000   7  32 1 RICEDR 1   0 105  4 1 5 0 105 110000000000 15.0 30.0 0.00 0.15 1.80 0.33 0.50  2400  2300  3150  3675
BI000   7  33 1 RICEDR 2   0 120  4 1 5 0 120 110000000000 15.0 27.5 0.00 0.15 2.00 0.33 0.50  2600  2500  3600  4200
BI000   7  34 1 RICEDR 3   0 135  4 1 5 0 135 110000000000 15.0 25.0 0.00 0.15 2.30 0.33 0.50  2800  2700  4050  4725
#     NR TYP O  NAME     CYA CYB A M W L CYC  TTSSSTTTBBBA TMN TREF  TSS   HI MLAI  YF% cBNA  TS1n  TS2n  TS1x  TS2x
#---- -+-+---+-+--------+---+---+--+-+-+-+---+------------+----+----+----+----+----+----+----+-----+-----+-----+-----
BI000   8  35 1 LMAIZ 1    0  90  8 1 6 0  90 101110000000 15.0 27.5 0.00 0.20 1.50 0.33 0.50  2300  2100  3150  3600
BI000   8  36 1 LMAIZ 2    0 105  8 1 6 0 105 101110000000 15.0 27.5 0.00 0.21 2.00 0.33 0.50  2450  2250  3675  4200
BI000   8  37 1 LMAIZ 3    0 120  8 1 6 0 120 101110000000 15.0 25.0 0.00 0.22 2.30 0.33 0.50  2600  2400  4200  4800
BI000   8  38 1 LMAIZ 4    0 135  8 1 6 0 135 101110000000 15.0 25.0 0.00 0.22 2.50 0.33 0.50  2750  2550  4725  5400
BI000   9  39 1 HMAIZ 1    0 120  9 1 6 0 120 110000000000 10.0 20.0 1.00 0.18 1.80 0.33 0.50  2100  2000  3600  4200
BI000   9  40 1 HMAIZ 2    0 150  9 1 6 0 150 110000000000 10.0 18.8 1.00 0.18 1.90 0.33 0.50  2400  2250  3750  4350
BI000   9  41 1 HMAIZ 3    0 180  9 1 6 0 180 010000000000 10.0 17.5 1.00 0.18 2.00 0.33 0.50  2700  2500  3900  4500
BI000   9  42 1 HMAIZ 4    0 210  9 1 6 0 210 010000000000 10.0 16.3 1.00 0.18 2.00 0.33 0.50  3000  2750  4050  4650
BI000   9  43 1 HMAIZ 5    0 240  9 1 6 0 240 010000000000 10.0 15.0 1.00 0.15 2.00 0.33 0.50  3300  3000  4200  4800
BI000   9  44 1 HMAIZ 6    0 270  9 1 6 0 270 010000000000 10.0 13.5 1.00 0.15 2.00 0.33 0.50  3600  3250  4350  4950
BI000   9  45 1 HMAIZ 7    0 300  9 1 6 0 300 010000000000 10.0 12.5 1.00 0.12 2.00 0.33 0.50  3900  3500  4500  5100
BI000  10  46 1 TMAIZG 1   0  90  9 1 6 0  90 001111110000 10.0 22.5 0.25 0.20 1.80 0.33 0.50  1800  1750  2700  3150
BI000  10  47 1 TMAIZG 2   0 105  9 1 6 0 105 001111110000 10.0 22.5 0.25 0.21 1.80 0.33 0.50  1950  1875  3150  3675
BI000  10  48 1 TMAIZG 3   0 120  9 1 6 0 120 001111110000 10.0 21.0 0.25 0.22 2.00 0.33 0.50  2100  2000  3600  4200
BI000  10  49 1 TMAIZG 4   0 135  9 1 6 0 135 001111110000 10.0 20.0 0.25 0.22 2.00 0.33 0.50  2250  2125  4050  4725
BI000  10  50 1 TMAIZG 5   0 150  9 1 6 0 150 001111110000 10.0 20.0 0.25 0.22 2.50 0.33 0.50  2400  2250  4500  5250
BI000  10  51 1 TMAIZG 6   0 165  9 1 6 0 165 001111110000 10.0 17.5 0.25 0.22 2.50 0.33 0.50  2550  2375  4950  5775
BI000  10  52 1 TMAIZG 7   0 180  9 1 6 0 180 001111110000 10.0 15.0 0.25 0.22 3.00 0.33 0.50  2700  2500  5400  6300
BI000  11  53 1 TMAIZS 1   0 105  9 1 6 0 105 111111110000 10.0 22.5 0.25 0.43 3.00 0.33 0.50  1850  1700  2600  3000
BI000  11  54 1 TMAIZS 2   0 120  9 1 6 0 120 111111110000 10.0 21.0 0.25 0.43 3.00 0.33 0.50  2000  1850  2900  3300
BI000  11  55 1 TMAIZS 3   0 135  9 1 6 0 135 111111110000 10.0 20.0 0.25 0.45 3.00 0.33 0.50  2150  2000  3200  3600
BI000  11  56 1 TMAIZS 4   0 150  9 1 6 0 150 001111110000 10.0 20.0 0.25 0.45 3.50 0.33 0.50  2300  2150  3500  3900
BI000  11  57 1 TMAIZS 5   0 165  9 1 6 0 165 001111110000 10.0 17.5 0.25 0.45 3.50 0.33 0.50  2450  2330  3800  4200
BI000  11  58 1 TMAIZS 6   0 180  9 1 6 0 180 001111110000 10.0 15.0 0.25 0.45 4.00 0.33 0.50  2600  2450  4100  4500
#     NR TYP O  NAME     CYA CYB A M W L CYC  TTSSSTTTBBBA TMN TREF  TSS   HI MLAI  YF% cBNA  TS1n  TS2n  TS1x  TS2x
#---- -+-+---+-+--------+---+---+--+-+-+-+---+------------+----+----+----+----+----+----+----+-----+-----+-----+-----
BI000  12  59 1 WBARL 1   35+105  2 1 6 0 140 001111110000  5.0 17.5 0.25 0.20 2.50 0.33 0.55  1400  1300  2050  2300
BI000  12  60 1 WBARL 2   40+120  2 1 6 0 160 001111110000  5.0 17.5 0.25 0.20 2.50 0.33 0.55  1500  1400  2200  2500
BI000  12  61 1 WBARL 3   45+135  2 1 6 0 180 001111110000  5.0 17.5 0.25 0.20 2.50 0.33 0.55  1600  1500  2350  2700
BI000  12  62 1 WBARL 4   50+150  2 1 6 0 200 001111110000  5.0 17.5 0.25 0.20 2.50 0.33 0.55  1700  1600  2500  2900
BI000  13  63 1 SBARL 1    0  90  1 1 6 0  90 001111111110  5.0 17.5 0.25 0.15 2.00 0.33 0.50  1300  1200  1900  2100
BI000  13  64 1 SBARL 2    0 105  1 1 6 0 105 001111111110  5.0 17.5 0.25 0.15 2.00 0.33 0.50  1400  1300  2050  2300
BI000  13  65 1 SBARL 3    0 120  1 1 6 0 120 001111111110  5.0 17.5 0.25 0.15 2.30 0.33 0.50  1500  1400  2200  2500
BI000  13  66 1 SBARL 4    0 135  1 1 6 0 135 001111111110  5.0 17.5 0.25 0.15 2.50 0.33 0.50  1600  1500  2350  2700
BI000  14  67 1 BARL ST1   0  90  1 1 6 0  90 011111110000  5.0 17.5 0.25 0.20 2.50 0.33 0.50  1400  1300  2050  2300
BI000  14  68 1 BARL ST2   0 105  1 1 6 0 105 011111110000  5.0 17.5 0.25 0.20 2.50 0.33 0.50  1500  1400  2200  2500
BI000  14  69 1 BARL ST3   0 120  1 1 6 0 120 011111110000  5.0 17.5 0.25 0.20 2.50 0.33 0.50  1600  1500  2350  2700
BI000  14  70 1 BARL ST4   0 135  1 1 6 0 135 011111110000  5.0 17.5 0.25 0.20 2.50 0.33 0.50  1700  1600  2500  2900
BI000  15  71 1 BARL TR1   0 100  1 1 6 0 100 111110000000  5.0 17.5 0.25 0.15 1.60 0.33 0.50  1350  1250  2200  2550
BI000  15  72 1 BARL TR2   0 115  1 1 6 0 115 111110000000  5.0 16.2 0.25 0.15 1.80 0.33 0.50  1500  1375  2400  2950
BI000  15  73 1 BARL TR3   0 130  1 1 6 0 130 111110000000  5.0 15.0 0.25 0.15 2.00 0.33 0.50  1650  1500  2600  3350
BI000  15  74 1 BARL TR4   0 145  1 1 6 0 145 111110000000  5.0 13.7 0.25 0.15 2.30 0.33 0.50  1800  1625  2800  3750
BI000  15  75 1 BARL TR5   0 160  1 1 6 0 160 010000000000  5.0 12.5 0.25 0.15 2.50 0.33 0.50  1800  1625  2800  3750
BI000  15  76 1 BARL TR6   0 175  1 1 6 0 175 010000000000  5.0 11.2 0.25 0.15 2.50 0.33 0.50  1800  1625  2800  3750
BI000  15  77 1 BARL TR7   0 190  1 1 6 0 190 010000000000  5.0 10.0 0.25 0.15 2.50 0.33 0.50  1800  1625  2800  3750
#     NR TYP O  NAME     CYA CYB A M W L CYC  TTSSSTTTBBBA TMN TREF  TSS   HI MLAI  YF% cBNA  TS1n  TS2n  TS1x  TS2x
#---- -+-+---+-+--------+---+---+--+-+-+-+---+------------+----+----+----+----+----+----+----+-----+-----+-----+-----
BI000  16  78 1 LSRGH 1    0  90  8 1 6 0  90 101110000000 15.0 27.5 0.00 0.15 1.50 0.33 0.50  2300  2100  3150  3600
BI000  16  79 1 LSRGH 2    0 105  8 1 6 0 105 101110000000 15.0 27.5 0.00 0.15 2.00 0.33 0.50  2450  2250  3675  4200
BI000  16  80 1 LSRGH 3    0 120  8 1 6 0 120 101110000000 15.0 25.0 0.00 0.15 2.00 0.33 0.50  2600  2400  4200  4800
BI000  16  81 1 LSRGH 4    0 135  8 1 6 0 135 101110000000 15.0 25.0 0.00 0.15 2.00 0.33 0.50  2750  2550  4725  5400
BI000  17  82 1 HSRGH 1    0 120  9 1 6 0 120 110000000000 15.0 20.0 1.00 0.14 1.80 0.33 0.50  2100  2000  3600  4200
BI000  17  83 1 HSRGH 2    0 150  9 1 6 0 150 110000000000 10.0 18.8 1.00 0.14 2.00 0.33 0.50  2400  2250  3750  4350
BI000  17  84 1 HSRGH 3    0 180  9 1 6 0 180 010000000000 10.0 17.5 1.00 0.14 2.00 0.33 0.50  2700  2500  3900  4500
BI000  17  85 1 HSRGH 4    0 210  9 1 6 0 210 010000000000 10.0 16.3 1.00 0.12 2.00 0.33 0.50  3000  2750  4050  4650
BI000  17  86 1 HSRGH 5    0 240  9 1 6 0 240 010000000000 10.0 15.0 1.00 0.12 2.00 0.33 0.50  3300  3000  4200  4800
BI000  17  87 1 HSRGH 6    0 270  9 1 6 0 270 010000000000 10.0 13.5 1.00 0.10 2.00 0.33 0.50  3600  3250  4350  4950
BI000  17  88 1 HSRGH 7    0 300  9 1 6 0 300 010000000000 10.0 12.5 1.00 0.10 2.00 0.33 0.50  3900  3500  4500  5100
BI000  18  89 1 TSRGH 1    0  90  9 1 6 0  90 001111110000 10.0 22.5 0.25 0.15 1.80 0.33 0.50  1800  1750  2700  3150
BI000  18  90 1 TSRGH 2    0 105  9 1 6 0 105 001111110000 10.0 22.5 0.25 0.15 1.80 0.33 0.50  1950  1875  3150  3675
BI000  18  91 1 TSRGH 3    0 120  9 1 6 0 120 001111110000 10.0 21.0 0.25 0.15 2.00 0.33 0.50  2100  2000  3600  4200
BI000  18  92 1 TSRGH 4    0 135  9 1 6 0 135 001111110000 10.0 20.0 0.25 0.15 2.00 0.33 0.50  2250  2125  4050  4725
BI000  18  93 1 TSRGH 5    0 150  9 1 6 0 150 001111110000 10.0 20.0 0.25 0.15 2.50 0.33 0.50  2400  2250  4500  5250
BI000  18  94 1 TSRGH 6    0 165  9 1 6 0 165 001111110000 10.0 17.5 0.25 0.15 2.50 0.33 0.50  2550  2375  4950  5775
BI000  18  95 1 TSRGH 7    0 180  9 1 6 0 180 001111110000 10.0 15.0 0.25 0.15 2.50 0.33 0.50  2700  2500  5400  6300
#     NR TYP O  NAME     CYA CYB A M W L CYC  TTSSSTTTBBBA TMN TREF  TSS   HI MLAI  YF% cBNA  TS1n  TS2n  TS1x  TS2x
#---- -+-+---+-+--------+---+---+--+-+-+-+---+------------+----+----+----+----+----+----+----+-----+-----+-----+-----
BI000  19  96 1 BLSRGH 1   0  90  8 1 5 0  90 101110000000 15.0 27.5 0.00 0.45 2.50 0.33 0.50  2300  2100  3150  3600
BI000  19  97 1 BLSRGH 2   0 105  8 1 5 0 105 101110000000 15.0 27.5 0.00 0.45 3.00 0.33 0.50  2450  2250  3675  4200
BI000  19  98 1 BLSRGH 3   0 120  8 1 5 0 120 101110000000 15.0 25.0 0.00 0.45 3.00 0.33 0.50  2600  2400  4200  4800
BI000  19  99 1 BLSRGH 4   0 135  8 1 5 0 135 101110000000 15.0 25.0 0.00 0.45 3.00 0.33 0.50  2750  2550  4725  5400
BI000  20 100 1 BHSRGH 1   0 120  9 1 5 0 120 110000000000 15.0 20.0 1.00 0.45 2.80 0.33 0.50  2100  2000  3600  4200
BI000  20 101 1 BHSRGH 2   0 150  9 1 5 0 150 110000000000 10.0 18.8 1.00 0.45 3.00 0.33 0.50  2400  2250  3750  4350
BI000  20 102 1 BHSRGH 3   0 180  9 1 5 0 180 010000000000 10.0 17.5 1.00 0.45 3.00 0.33 0.50  2700  2500  3900  4500
BI000  20 103 1 BHSRGH 4   0 210  9 1 5 0 210 010000000000 10.0 16.3 1.00 0.45 3.00 0.33 0.50  3000  2750  4050  4650
BI000  20 104 1 BHSRGH 5   0 240  9 1 5 0 240 010000000000 10.0 15.0 1.00 0.45 3.00 0.33 0.50  3300  3000  4200  4800
BI000  20 105 1 BHSRGH 6   0 270  9 1 5 0 270 010000000000 10.0 13.5 1.00 0.45 3.00 0.33 0.50  3600  3250  4350  4950
BI000  20 106 1 BHSRGH 7   0 300  9 1 5 0 300 010000000000 10.0 12.5 1.00 0.45 3.00 0.33 0.50  3900  3500  4500  5100
BI000  21 107 1 BTSRGH 1   0  90  9 1 5 0  90 001111110000 10.0 22.5 0.25 0.45 2.80 0.33 0.50  1800  1750  2700  3150
BI000  21 108 1 BTSRGH 2   0 105  9 1 5 0 105 001111110000 10.0 22.5 0.25 0.45 2.80 0.33 0.50  1950  1875  3150  3675
BI000  21 109 1 BTSRGH 3   0 120  9 1 5 0 120 001111110000 10.0 21.0 0.25 0.45 3.00 0.33 0.50  2100  2000  3600  4200
BI000  21 110 1 BTSRGH 4   0 135  9 1 5 0 135 001111110000 10.0 20.0 0.25 0.45 3.00 0.33 0.50  2250  2125  4050  4725
BI000  21 111 1 BTSRGH 5   0 150  9 1 5 0 150 001111110000 10.0 20.0 0.25 0.45 3.50 0.33 0.50  2400  2250  4500  5250
BI000  21 112 1 BTSRGH 6   0 165  9 1 5 0 165 001111110000 10.0 17.5 0.25 0.45 3.50 0.33 0.50  2550  2375  4950  5775
BI000  21 113 1 BTSRGH 7   0 180  9 1 5 0 180 001111110000 10.0 15.0 0.25 0.45 3.50 0.33 0.50  2700  2500  5400  6300
#     NR TYP O  NAME     CYA CYB A M W L CYC  TTSSSTTTBBBA TMN TREF  TSS   HI MLAI  YF% cBNA  TS1n  TS2n  TS1x  TS2x
#---- -+-+---+-+--------+---+---+--+-+-+-+---+------------+----+----+----+----+----+----+----+-----+-----+-----+-----
BI000  22 114 1 WRYE 1    30+ 90  1 1 6 0 120 001111110000  5.0 17.5 0.25 0.15 2.00 0.33 0.55  1300  1200  1900  2100
BI000  22 115 1 WRYE 2    35+105  1 1 6 0 140 001111110000  5.0 17.5 0.25 0.15 2.00 0.33 0.55  1400  1300  2050  2300
BI000  22 116 1 WRYE 3    40+120  1 1 6 0 160 001111110000  5.0 17.5 0.25 0.15 2.00 0.33 0.55  1500  1400  2200  2500
BI000  22 117 1 WRYE 4    45+135  1 1 6 0 180 001111110000  5.0 17.5 0.25 0.15 2.50 0.33 0.55  1600  1500  2350  2700
BI000  23 118 1 SRYE 1     0  90  1 1 6 0  90 001111111110  5.0 17.5 0.25 0.15 1.50 0.33 0.50  1300  1200  1900  2100
BI000  23 119 1 SRYE 2     0 105  1 1 6 0 105 001111111110  5.0 17.5 0.25 0.15 1.80 0.33 0.50  1400  1300  2050  2300
BI000  23 120 1 SRYE 3     0 120  1 1 6 0 120 001111111110  5.0 17.5 0.25 0.15 2.00 0.33 0.50  1500  1400  2200  2500
BI000  23 121 1 SRYE 4     0 135  1 1 6 0 135 001111111110  5.0 17.5 0.25 0.15 2.00 0.33 0.50  1600  1500  2350  2700
BI000  24 122 1 PMLLT 1    0  70  8 1 6 0  70 101110000000 15.0 32.5 0.00 0.10 1.50 0.33 0.50  1800  1600  2450  2800
BI000  24 123 1 PMLLT 2    0  90  8 1 6 0  90 101110000000 15.0 32.5 0.00 0.10 1.50 0.33 0.50  2000  1800  3150  3600
BI000  25 124 1 FMLLT 1    0  75  9 1 6 0  75 111111110000 10.0 25.0 0.25 0.15 2.00 0.33 0.50  1650  1625  1875  2250
BI000  25 125 1 FMLLT 2    0  90  9 1 6 0  90 111111110000 10.0 25.0 0.25 0.15 2.50 0.33 0.50  1800  1750  2250  2700
BI000  25 126 1 FMLLT 3    0 105  9 1 6 0 105 111111110000 10.0 25.0 0.25 0.15 2.50 0.33 0.50  1950  1875  2625  3150
BI000  25 127 1 FMLLT 4    0 120  9 1 6 0 120 111111110000 10.0 25.0 0.25 0.15 2.50 0.33 0.50  2100  2000  3000  3600
#     NR TYP O  NAME     CYA CYB A M W L CYC  TTSSSTTTBBBA TMN TREF  TSS   HI MLAI  YF% cBNA  TS1n  TS2n  TS1x  TS2x
#---- -+-+---+-+--------+---+---+--+-+-+-+---+------------+----+----+----+----+----+----+----+-----+-----+-----+-----
BI000  26 128 1 SOAT 1     0  90  1 1 6 0  90 001111111110  5.0 17.5 0.25 0.15 2.00 0.33 0.50  1300  1200  1900  2100
BI000  26 129 1 SOAT 2     0 105  1 1 6 0 105 001111111110  5.0 17.5 0.25 0.15 2.30 0.33 0.50  1400  1300  2050  2300
BI000  26 130 1 SOAT 3     0 120  1 1 6 0 120 001111111110  5.0 17.5 0.25 0.15 2.30 0.33 0.50  1500  1400  2200  2500
BI000  27 131 1 BUCKW 1    0  75  1 1 6 0  75 001111110000  5.0 17.5 0.25 0.15 2.00 0.33 0.50  1200  1100  1500  1690
BI000  27 132 1 BUCKW 2    0  90  1 1 6 0  90 001111110000  5.0 17.5 0.25 0.15 2.20 0.33 0.50  1300  1200  1800  2025
#     NR TYP O  NAME     CYA CYB A M W L CYC  TTSSSTTTBBBA TMN TREF  TSS   HI MLAI  YF% cBNA  TS1n  TS2n  TS1x  TS2x
#---- -+-+---+-+--------+---+---+--+-+-+-+---+------------+----+----+----+----+----+----+----+-----+-----+-----+-----
BI000  28 135 1 WPOTA 1    0  90  3 1 2 0  90 111111111110  5.0 17.5 0.00 0.30 2.00 0.67 0.50  1450  1200  1800  2300
BI000  28 136 1 WPOTA 2    0 105  3 1 2 0 105 111111111110  5.0 17.5 0.00 0.30 2.00 0.67 0.50  1700  1350  2100  2600
BI000  28 137 1 WPOTA 3    0 120  3 1 2 0 120 111111111110  5.0 17.5 0.00 0.30 2.00 0.67 0.50  1950  1500  2400  2900
BI000  28 138 1 WPOTA 4    0 135  3 1 2 0 135 111111111110  5.0 17.5 0.00 0.30 2.30 0.67 0.50  2175  1625  2700  3200
BI000  28 139 1 WPOTA 5    0 150  3 1 2 0 150 111111111110  5.0 17.5 0.00 0.30 2.50 0.67 0.50  2400  1750  3000  3500
BI000  28 140 1 WPOTA 6    0 165  3 1 2 0 165 111111111110  5.0 17.5 0.00 0.30 2.50 0.67 0.50  2600  1875  3250  3750
BI000  28 141 1 WPOTA 7    0 180  3 1 2 0 180 111111111110  5.0 17.5 0.00 0.30 2.80 0.67 0.50  2800  2000  3500  4000
BI000  29 142 1 CASSAVA1   0 210  4 1 3 0 210 111110000000 10.0 27.5 0.00 0.30 1.50 0.85 0.50  7500  6500 10950 12775
BI000  29 143 1 CASSAVA2   0 270  4 2 3 0 270 111110000000 10.0 27.5 0.00 0.30 1.50 0.85 0.50  7500  6500 10950 12775
BI000  30 145 1 SPOTA 1    0 120  4 1 8 0 120 111110000000 10.0 27.5 0.00 0.30 2.00 0.67 0.50  2700  2400  3300  4000
BI000  30 146 1 SPOTA 2    0 135  4 1 8 0 135 111110000000 10.0 27.5 0.00 0.30 2.00 0.67 0.50  3000  2600  3700  4400
BI000  30 147 1 SPOTA 3    0 150  4 1 8 0 150 111110000000 10.0 27.5 0.00 0.30 2.00 0.67 0.50  3300  2800  4100  4800
BI000  30 148 1 SPOTA 4    0 165  4 1 8 0 165 111110000000 10.0 27.5 0.00 0.30 2.00 0.67 0.50  3600  3000  4500  5200
BI000  31 149 1 WHYAM 1    0 195  4 1 5 0 195 111110000000 10.0 27.5 0.00 0.20 1.50 0.67 0.50  4200  3900  5850  6825
BI000  31 150 1 WHYAM 2    0 225  4 1 5 0 225 111110000000 10.0 27.5 0.00 0.20 1.50 0.67 0.50  4800  4500  6750  7875
BI000  32 151 1 GRYAM 1    0 240  4 1 5 0 240 111110000000 10.0 27.5 0.00 0.20 1.50 0.67 0.50  5100  4800  7200  8400
BI000  32 152 1 GRYAM 2    0 270  4 1 5 0 270 111110000000 10.0 27.5 0.00 0.20 1.50 0.67 0.50  5700  5400  8100  9450
BI000  33 153 1 YEL.YAM    0 330  4 2 5 0 330 111110000000 10.0 27.5 0.00 0.20 1.50 0.67 0.50  8200  7300 10950 12775
BI000  34 154 1 COCOYAM    0 330  4 2 5 0 330 111110000000 10.0 27.5 0.00 0.20 1.50 0.67 0.50  8200  7300 10950 12775
#     NR TYP O  NAME     CYA CYBA  M W L CYC  TTSSSTTTBBBA TMN TREF  TSS   HI MLAI  YF% cBNA  TS1n  TS2n  TS1x  TS2x
#---- -+-+---+-+--------+---+---+--+-+-+-+---+------------+----+----+----+----+----+----+----+-----+-----+-----+-----
BI000  35 155 1 SUGCANE    0 330  8 2 8 0 330 111110000000 10.0 32.5 0.00 0.10 3.50 0.72 0.50  6750  6000 10000 10950
BI000  36 156 1 SUGBEET1   0 120  7 1 6 0 120 001111110000  5.0 17.5 0.00 0.20 1.80 0.67 0.50  1750  1500  2250  3000
BI000  36 157 1 SUGBEET2   0 135  7 1 6 0 135 001111110000  5.0 17.5 0.00 0.20 2.00 0.67 0.50  1850  1650  2500  3250
BI000  36 158 1 SUGBEET3   0 150  7 1 6 0 150 001111110000  5.0 17.5 0.00 0.20 2.00 0.67 0.50  1950  1750  2750  3500
BI000  36 159 1 SUGBEET4   0 165  7 1 6 0 165 001111110000  5.0 17.5 0.00 0.20 2.50 0.67 0.50  2050  1850  3000  3750
BI000  36 160 1 SUGBEET5   0 180  7 1 6 0 180 001111110000  5.0 17.5 0.00 0.20 2.50 0.67 0.50  2150  1950  3250  4000
BI000  36 161 1 SUGBEET6   0 195  7 1 6 0 195 001111110000  5.0 17.5 0.00 0.20 3.00 0.67 0.50  2250  2050  3500  4250
BI000  36 162 1 SUGBEET7   0 210  7 1 6 0 210 001111110000  5.0 17.5 0.00 0.20 3.00 0.67 0.50  2350  2150  3750  4500
#     NR TYP O  NAME     CYA CYBA  M W L CYC  TTSSSTTTBBBA TMN TREF  TSS   HI MLAI  YF% cBNA  TS1n  TS2n  TS1x  TS2x
#---- -+-+---+-+--------+---+---+--+-+-+-+---+------------+----+----+----+----+----+----+----+-----+-----+-----+-----
BI000  37 165 1 LBEAN 1    0  90  4 1 4 1  90 101110000000 10.0 27.5 0.00 0.15 1.50 0.50 0.50  2000  1800  3150  3600
BI000  37 166 1 LBEAN 2    0 105  4 1 4 1 105 101110000000 10.0 27.5 0.00 0.15 1.80 0.50 0.50  2200  2000  3675  4200
BI000  37 167 1 LBEAN 3    0 120  4 1 4 1 120 101110000000 10.0 27.5 0.00 0.15 2.00 0.50 0.50  2400  2200  4200  4800
BI000  37 168 1 LBEAN 4    0 135  4 1 4 1 135 101110000000 10.0 27.5 0.00 0.15 2.00 0.50 0.50  2600  2400  4725  5400
BI000  37 169 1 LBEAN 5    0 150  4 1 4 1 150 101110000000 10.0 27.5 0.00 0.15 2.00 0.50 0.50  2800  2600  5250  6000
BI000  38 170 1 HBEAN 1    0 120  3 1 4 1 120 011110000000  5.0 17.5 0.00 0.15 2.00 0.50 0.50  1800  1600  2400  3600
BI000  38 171 1 HBEAN 2    0 135  3 1 4 1 135 011110000000  5.0 17.5 0.00 0.15 2.00 0.50 0.50  1900  1700  2700  4050
BI000  38 172 1 HBEAN 3    0 150  3 1 4 1 150 011110000000  5.0 17.5 0.00 0.15 2.00 0.50 0.50  2000  1800  3000  4500
BI000  38 173 1 HBEAN 4    0 165  3 1 4 1 165 011110000000  5.0 17.5 0.00 0.15 2.00 0.50 0.50  2100  1900  3300  4950
BI000  38 174 1 HBEAN 5    0 180  3 1 4 1 180 011110000000  5.0 17.5 0.00 0.15 2.00 0.50 0.50  2200  2000  3600  5400
BI000  39 175 1 TBEAN 1    0  90  3 1 4 1  90 001111110000  5.0 17.5 0.25 0.15 1.50 0.50 0.50  1600  1400  2000  2250
BI000  39 176 1 TBEAN 2    0 105  3 1 4 1 105 001111110000  5.0 17.5 0.25 0.15 2.00 0.50 0.50  1700  1500  2300  2625
BI000  39 177 1 TBEAN 3    0 120  3 1 4 1 120 001111110000  5.0 17.5 0.25 0.15 2.00 0.50 0.50  1800  1600  2600  3000
BI000  39 178 1 TBEAN 4    0 135  3 1 4 1 135 001111110000  5.0 17.5 0.25 0.15 2.00 0.50 0.50  1900  1700  3000  3375
BI000  39 179 1 TBEAN 5    0 150  3 1 4 1 150 001111110000  5.0 17.5 0.25 0.15 2.00 0.50 0.50  2000  1800  3300  3750
#     NR TYP O  NAME     CYA CYBA  M W L CYC  TTSSSTTTBBBA TMN TREF  TSS   HI MLAI  YF% cBNA  TS1n  TS2n  TS1x  TS2x
#---- -+-+---+-+--------+---+---+--+-+-+-+---+------------+----+----+----+----+----+----+----+-----+-----+-----+-----
BI000  40 180 1 CHICKP 1   0  90  3 1 5 1  90 111111110000  5.0 17.5 0.25 0.20 1.50 0.50 0.50  1500  1350  1800  2050
BI000  40 181 1 CHICKP 2   0 105  3 1 5 1 105 111111110000  5.0 17.5 0.25 0.20 1.80 0.50 0.50  1650  1500  2100  2350
BI000  40 182 1 CHICKP 3   0 120  3 1 5 1 120 111111110000  5.0 17.5 0.25 0.20 2.00 0.50 0.50  1800  1650  2400  2750
BI000  41 183 1 CHICK C1   0 150  3 1 5 1 150 011111110000  5.0 17.5 0.25 0.20 2.00 0.50 0.50  1800  1650  3000  3375
BI000  41 184 1 CHICK C2   0 165  3 1 5 1 165 011111110000  5.0 17.5 0.25 0.20 2.00 0.50 0.50  1900  1750  3300  3700
BI000  41 185 1 CHICK C3   0 180  3 1 5 1 180 011111110000  5.0 17.5 0.25 0.20 2.00 0.50 0.50  2000  1850  3600  4050
BI000  42 186 1 COWP 1     0  80  4 1 4 1  80 111111000000 10.0 27.5 0.00 0.15 1.50 0.50 0.50  1800  1600  2200  2400
BI000  42 187 1 COWP 2     0 100  4 1 4 1 100 111111000000 10.0 27.5 0.00 0.15 1.80 0.50 0.50  2250  2000  2750  3000
BI000  42 188 1 COWP 3     0 120  4 1 4 1 120 111111000000 10.0 27.5 0.00 0.15 2.00 0.50 0.50  2700  2400  3300  3600
BI000  43 189 1 DPEA 1     0  90  3 1 3 1  90 011111110000  5.0 17.5 0.25 0.20 1.50 0.50 0.50  1300  1200  1800  2250
BI000  43 190 1 DPEA 2     0 105  3 1 3 1 105 011111110000  5.0 17.5 0.25 0.20 1.80 0.50 0.50  1400  1300  2100  2625
BI000  43 191 1 DPEA 3     0 120  3 1 3 1 120 011111110000  5.0 17.5 0.25 0.20 2.00 0.50 0.50  1500  1400  2400  3000
BI000  44 192 1 GRAM 1     0  60  4 1 4 1  60 111111000000 10.0 27.5 0.00 0.15 1.50 0.50 0.50  1350  1200  1650  1800
BI000  44 193 1 GRAM 2     0  80  4 1 4 1  80 111111000000 10.0 27.5 0.00 0.15 1.80 0.50 0.50  1800  1600  2200  2400
BI000  44 194 1 GRAM 3     0 100  4 1 4 1 100 111111000000 10.0 27.5 0.00 0.15 2.00 0.50 0.50  2250  2000  2750  3000
BI000  45 195 1 PIGPEA 1   0 135  4 1 4 1 135 111111000000 10.0 27.5 0.00 0.15 2.00 0.50 0.50  3000  2700  3700  4050
BI000  45 196 1 PIGPEA 2   0 150  4 1 4 1 150 111111000000 10.0 27.5 0.00 0.15 2.10 0.50 0.50  3300  3000  4100  4500
BI000  45 197 1 PIGPEA 3   0 165  4 1 4 1 165 111111000000 10.0 27.5 0.00 0.15 2.20 0.50 0.50  3600  3300  4500  4950
BI000  45 198 1 PIGPEA 4   0 180  4 1 4 1 180 111111000000 10.0 27.5 0.00 0.15 2.30 0.50 0.50  3900  3600  4900  5400
BI000  45 199 1 PIGPEA 5   0 195  4 1 4 1 195 111111000000 10.0 27.5 0.00 0.15 2.50 0.50 0.50  4200  3900  5400  5850
#     NR TYP O  NAME     CYA CYBA  M W L CYC  TTSSSTTTBBBA TMN TREF  TSS   HI MLAI  YF% cBNA  TS1n  TS2n  TS1x  TS2x
#---- -+-+---+-+--------+---+---+--+-+-+-+---+------------+----+----+----+----+----+----+----+-----+-----+-----+-----
BI000  46 200 1 GRNDN 1    0  90  4 1 5 1  90 111111110000 10.0 27.5 0.00 0.17 1.50 0.50 0.50  1800  1600  2500  2700
BI000  46 201 1 GRNDN 2    0 105  4 1 5 1 105 111111110000 10.0 27.5 0.00 0.17 1.80 0.50 0.50  2100  1850  2900  3150
BI000  46 202 1 GRNDN 3    0 120  4 1 5 1 120 111111110000 10.0 27.5 0.00 0.17 2.00 0.50 0.50  2400  2150  3300  3600
BI000  47 203 1 SOYBT 1    0 105  5 1 5 1 105 111110000000 15.0 27.5 0.00 0.17 1.50 0.50 0.50  2300  2200  3150  3400
BI000  47 204 1 SOYBT 2    0 120  5 1 5 1 120 111110000000 15.0 27.5 0.00 0.17 1.80 0.50 0.50  2600  2450  3500  3800
BI000  47 205 1 SOYBT 3    0 135  5 1 5 1 135 111110000000 15.0 27.5 0.00 0.17 2.00 0.50 0.50  2850  2700  3850  4200
BI000  48 206 1 SOYBS 1    0 105  6 1 5 1 105 001111110000 10.0 27.5 0.25 0.17 1.50 0.50 0.50  2100  1850  2800  3150
BI000  48 207 1 SOYBS 2    0 120  6 1 5 1 120 001111110000 10.0 27.5 0.25 0.17 1.80 0.50 0.50  2300  2000  3150  3500
BI000  48 208 1 SOYBS 3    0 135  6 1 5 1 135 001111110000 10.0 27.5 0.25 0.16 2.00 0.50 0.50  2500  2150  3450  3800
BI000  48 209 1 SOYBS 4    0 150  6 1 5 1 150 000001110000 10.0 22.5 0.25 0.16 2.00 0.50 0.50  2700  2300  3750  4100
#     NR TYP O  NAME     CYA CYBA  M W L CYC  TTSSSTTTBBBA TMN TREF  TSS   HI MLAI  YF% cBNA  TS1n  TS2n  TS1x  TS2x
#---- -+-+---+-+--------+---+---+--+-+-+-+---+------------+----+----+----+----+----+----+----+-----+-----+-----+-----
BI000  49 210 1 SUNFLT 1   0 135  6 1 4 0 135 111110000000 10.0 27.5 0.00 0.13 2.00 0.50 0.50  2400  2200  3750  4000
BI000  49 211 1 SUNFLT 2   0 150  6 1 4 0 150 111110000000 10.0 27.5 0.00 0.13 2.50 0.50 0.50  2600  2400  4000  4250
BI000  50 212 1 SUNFLS 1   0 105  3 1 4 0 105 001111110000  5.0 17.5 0.25 0.15 1.80 0.50 0.50  1750  1550  2400  2600
BI000  50 213 1 SUNFLS 2   0 120  3 1 4 0 120 001111110000  5.0 17.5 0.25 0.15 2.00 0.50 0.50  1950  1750  2700  3000
BI000  50 214 1 SUNFLS 3   0 135  3 1 4 0 135 001111110000  5.0 17.5 0.25 0.15 2.50 0.50 0.50  2150  1950  3000  3400
BI000  50 215 1 SUNFLS 4   0 150  3 1 4 0 150 001111110000  5.0 17.5 0.25 0.15 2.50 0.50 0.50  2350  2150  3300  3800
#     NR TYP O  NAME     CYA CYBA  M W L CYC  TTSSSTTTBBBA TMN TREF  TSS   HI MLAI  YF% cBNA  TS1n  TS2n  TS1x  TS2x
#---- -+-+---+-+--------+---+---+--+-+-+-+---+------------+----+----+----+----+----+----+----+-----+-----+-----+-----
BI000  51 216 1 WRAPE 1   35+105  3 1 7 0 140 001111110000  5.0 17.5 0.25 0.13 1.50 0.50 0.55  1500  1400  2100  2400
BI000  51 217 1 WRAPE 2   40+120  3 1 7 0 165 001111110000  5.0 17.5 0.25 0.13 2.00 0.50 0.55  1600  1500  2400  2700
BI000  51 218 1 WRAPE 3   45+135  3 1 7 0 180 001111110000  5.0 17.5 0.25 0.13 2.00 0.50 0.55  1700  1600  2700  3000
BI000  51 219 1 WRAPE 4   45+150  3 1 7 0 195 001111110000  5.0 17.5 0.25 0.13 2.00 0.50 0.55  1800  1700  3000  3300
BI000  52 220 1 SRAPE 1    0 105  3 1 7 0 105 001111110000  5.0 17.5 0.25 0.13 1.50 0.50 0.50  1500  1400  2100  2400
BI000  52 221 1 SRAPE 2    0 120  3 1 7 0 120 001111110000  5.0 17.5 0.25 0.13 1.50 0.50 0.50  1600  1500  2400  2700
BI000  52 222 1 SRAPE 3    0 135  3 1 7 0 135 001111110000  5.0 17.5 0.25 0.13 1.50 0.50 0.50  1700  1600  2700  3000
BI000  52 223 1 SRAPE 4    0 150  3 1 7 0 150 001111110000  5.0 17.5 0.25 0.13 2.00 0.50 0.50  1800  1700  3000  3300
BI000  53 224 1 RRAPE 1    0 135  7 1 7 0 135 111110000000  5.0 17.5 0.25 0.13 1.50 0.50 0.50  1700  1600  2850  3150
BI000  53 225 1 RRAPE 2    0 150  7 1 7 0 150 111110000000  5.0 17.5 0.25 0.13 2.00 0.50 0.50  1800  1700  3150  3450
#     NR TYP O  NAME     CYA CYBA  M W L CYC  TTSSSTTTBBBA TMN TREF  TSS   HI MLAI  YF% cBNA  TS1n  TS2n  TS1x  TS2x
#---- -+-+---+-+--------+---+---+--+-+-+-+---+------------+----+----+----+----+----+----+----+-----+-----+-----+-----
BI000  54 226 1 TCOTT 1    0 135  5 1 8 0 135 111110000000 10.0 27.5 0.00 0.04 1.50 0.50 0.50  3000  2800  4050  4725
BI000  54 227 1 TCOTT 2    0 150  5 1 8 0 150 111110000000 10.0 27.5 0.00 0.04 1.50 0.50 0.50  3200  3000  4500  5250
BI000  54 228 1 TCOTT 3    0 165  5 1 8 0 165 111110000000 10.0 27.5 0.00 0.04 2.00 0.50 0.50  3400  3200  4950  5775
BI000  54 229 1 TCOTT 4    0 180  5 1 8 0 180 111110000000 10.0 27.5 0.00 0.04 2.00 0.50 0.50  3600  3400  5400  6300
BI000  55 230 1 COTT  1    0 135  4 1 8 0 135 001111110000 10.0 27.5 0.25 0.04 1.50 0.50 0.50  2800  2600  4050  4725
BI000  55 231 1 COTT  2    0 150  4 1 8 0 150 001111110000 10.0 27.5 0.25 0.04 1.50 0.50 0.50  3000  2800  4500  5250
BI000  55 232 1 COTT  3    0 165  4 1 8 0 165 001111110000 10.0 27.5 0.25 0.04 2.00 0.50 0.50  3200  3000  4950  5775
BI000  56 233 1 FLAX 1     0  90  1 1 5 0  90 001111110000  5.0 15.0 0.25 0.05 1.70 0.50 0.50  1350  1250  1800  2000
BI000  56 234 1 FLAX 2     0 105  1 1 5 0 105 001111110000  5.0 15.0 0.25 0.05 2.00 0.50 0.50  1450  1350  1900  2100
BI000  56 235 1 FLAX 3     0 120  1 1 5 0 120 001111110000  5.0 15.0 0.25 0.06 2.00 0.50 0.50  1550  1450  2000  2200
#     NR TYP O  NAME     CYA CYBA  M W L CYC  TTSSSTTTBBBA TMN TREF  TSS   HI MLAI  YF% cBNA  TS1n  TS2n  TS1x  TS2x
#---- -+-+---+-+--------+---+---+--+-+-+-+---+------------+----+----+----+----+----+----+----+-----+-----+-----+-----
BI000  57 236 1 TOBAC T1   0 105  4 1 7 0 105 110000000000 10.0 27.5 0.00 0.04 2.00 0.67 0.50  2000  1750  2700  3000
BI000  57 237 1 TOBAC T2   0 120  4 1 7 0 120 110000000000 10.0 27.5 0.00 0.04 2.20 0.67 0.50  2250  2000  3000  3300
BI000  57 238 1 TOBAC T3   0 135  4 1 7 0 135 110000000000 10.0 27.5 0.00 0.05 2.50 0.67 0.50  2500  2250  3300  3600
BI000  58 239 1 TOBAC S1   0 150  4 1 7 0 150 001111110000 10.0 27.5 0.25 0.05 3.00 0.67 0.50  2750  2500  3600  3900
BI000  58 240 1 TOBAC S2   0 165  4 1 7 0 165 001111110000 10.0 27.5 0.25 0.05 3.00 0.67 0.50  3000  2750  3900  4200
#     NR TYP O  NAME     CYA CYBA  M W L CYC  TTSSSTTTBBBA TMN TREF  TSS   HI MLAI  YF% cBNA  TS1n  TS2n  TS1x  TS2x
#---- -+-+---+-+--------+---+---+--+-+-+-+---+------------+----+----+----+----+----+----+----+-----+-----+-----+-----
BI000  61 241 1 BANANA     0 300  4 2 2 0 300 111110000000 10.0 27.5 0.00 0.15 3.00 0.33 0.50  7300  6000 10950 12775
BI000  62 242 1 OILPALM    0 300  4 2 8 0 300 101110000000 10.0 27.5 0.00 0.10 3.00 0.42 0.50  9000  7500 10950 12775
BI000  63 243 1 OLIVE      0 240  7 2 8 0 240 000111110000  5.0 17.5 0.00 0.10 1.50 0.78 0.50  5840  5110  7300  9125
BI000  64 244 1 CITRUS-S   0 240  4 2 5 0 240 001111110000  5.0 27.5 0.00 0.20 2.00 0.42 0.50  5500  4800  9200 10200
BI000  64 245 1 CITRUS-T   0 240  4 2 5 0 240 110000000000  5.0 27.5 0.00 0.20 2.00 0.42 0.50  5500  4800 10950 12775
BI000  65 246 1 COCOA 1    0 300 21 2 1 0 300 101110000000 10.0 27.5 0.00 0.04 2.20 0.50 0.50  8750  7850 10220 11680
BI000  65 247 1 COCOA 2    0 300 22 2 1 0 300 101110000000 10.0 27.5 0.00 0.05 2.40 0.50 0.50  8750  7850 10220 11680
BI000  66 248 1 COFF AR    0 270 13 2 3 0 270 110000000000 10.0 17.5 0.00 0.05 1.50 0.67 0.50  6500  5000  8030  8760
BI000  67 249 1 COFF RO    0 270 14 2 3 0 270 110000000000 10.0 27.5 0.00 0.06 1.50 0.67 0.50  8000  7250 10220 11680
#     NR TYP O  NAME     CYA CYBA  M W L CYC  TTSSSTTTBBBA TMN TREF  TSS   HI MLAI  YF% cBNA  TS1n  TS2n  TS1x  TS2x
#---- -+-+---+-+--------+---+---+--+-+-+-+---+------------+----+----+----+----+----+----+----+-----+-----+-----+-----
BI000  68 250 1 COCONUT1   0 330  4 2 8 0 330 101110000000 10.0 27.5 0.00 0.13 1.80 0.90 0.50  8750  8030 11680 12775
BI000  68 251 1 COCONUT2   0 330  4 2 8 0 330 101110000000 10.0 27.5 0.00 0.12 1.60 0.90 0.50  8750  8030 11680 12775
BI000  69 252 1 COCONUT3   0 330  4 2 8 0 330 101110000000 10.0 27.5 0.00 0.11 1.20 0.90 0.50  8750  8030 11680 12775
#     NR TYP O  NAME     CYA CYBA  M W L CYC  TTSSSTTTBBBA TMN TREF  TSS   HI MLAI  YF% cBNA  TS1n  TS2n  TS1x  TS2x
#---- -+-+---+-+--------+---+---+--+-+-+-+---+------------+----+----+----+----+----+----+----+-----+-----+-----+-----
BI000  70 253 1 TEA 1      0 330 13 2 4 0 330 111111110000 10.0 20.0 0.00 0.02 4.00 0.67 0.50  5000  4500  8400  9000
BI000  71 254 1 TEA 2      0 330 12 2 4 0 330 111110000000 10.0 22.5 0.00 0.02 4.00 0.67 0.50  5500  5000  8760  9500
BI000  72 255 1 TEA 3      0 330 12 2 4 0 330 111110000000 10.0 22.5 0.00 0.02 4.00 0.67 0.50  6000  5000  8760  9500
#     NR TYP O  NAME     CYA CYBA  M W L CYC  TTSSSTTTBBBA TMN TREF  TSS   HI MLAI  YF% cBNA  TS1n  TS2n  TS1x  TS2x
#---- -+-+---+-+--------+---+---+--+-+-+-+---+------------+----+----+----+----+----+----+----+-----+-----+-----+-----
BI000  76 256 1 CABBAGE1   0  90 11 1 4 0  90 111111110000 10.0 17.5 0.25 0.20 2.50 0.50 0.50  1500  1300  1800  2000
BI000  76 257 1 CABBAGE2   0 105 11 1 4 0 105 111111110000 10.0 17.5 0.25 0.20 2.80 0.50 0.50  1600  1400  2000  2250
BI000  76 258 1 CABBAGE3   0 120 11 1 4 0 120 111111110000 10.0 17.5 0.25 0.20 2.80 0.50 0.50  1700  1500  2200  2500
BI000  76 259 1 CABBAGE4   0 135 11 1 4 0 135 111111110000 10.0 17.5 0.25 0.20 3.00 0.50 0.50  1800  1600  2400  2750
BI000  76 260 1 CABBAGE5   0 150 11 1 4 0 150 111111110000 10.0 17.5 0.25 0.20 3.00 0.50 0.50  1900  1700  2600  3000
BI000  76 261 1 CABBAGE6   0 165 11 1 4 0 165 111111110000 10.0 17.5 0.25 0.20 3.00 0.50 0.50  2000  1800  2800  3250
#     NR TYP O  NAME     CYA CYBA  M W L CYC  TTSSSTTTBBBA TMN TREF  TSS   HI MLAI  YF% cBNA  TS1n  TS2n  TS1x  TS2x
#---- -+-+---+-+--------+---+---+--+-+-+-+---+------------+----+----+----+----+----+----+----+-----+-----+-----+-----
BI000  77 262 1 CARROT 1   0  60 10 1 2 0  60 001111110000  5.0 17.5 0.25 0.50 2.00 0.55 0.50   900   750  1300  1500
BI000  77 263 1 CARROT 2   0  75 10 1 2 0  75 001111110000  5.0 17.5 0.25 0.50 2.50 0.55 0.50  1050   900  1650  1850
BI000  77 264 1 CARROT 3   0  90 10 1 2 0  90 001111110000  5.0 17.5 0.25 0.50 2.50 0.55 0.50  1200  1050  2000  2200
BI000  78 265 1 CARROT 4   0 135 10 1 2 0 135 001111110000  5.0 17.5 0.25 0.45 3.00 0.55 0.50  1800  1650  3000  3400
BI000  78 266 1 CARROT 5   0 165 10 1 2 0 165 001111110000  5.0 17.5 0.25 0.45 3.00 0.55 0.50  2100  1950  3600  4000
BI000  78 267 1 CARROT 6   0 195 10 1 2 0 195 001111110000  5.0 17.5 0.25 0.45 3.00 0.55 0.50  2400  2250  4200  4600
BI000  79 268 1 CARROT 7   0  75  4 1 2 0  75 111110000000 10.0 27.5 0.00 0.50 2.00 0.55 0.50  1150  1000  1850  2050
BI000  79 269 1 CARROT 8   0  90  4 1 2 0  90 111110000000 10.0 27.5 0.00 0.50 2.50 0.55 0.50  1300  1150  2200  2400
BI000  79 270 1 CARROT 9   0 105  4 1 2 0 105 111110000000 10.0 27.5 0.00 0.50 2.50 0.55 0.50  1450  1300  2550  2750
#     NR TYP O  NAME     CYA CYBA  M W L CYC  TTSSSTTTBBBA TMN TREF  TSS   HI MLAI  YF% cBNA  TS1n  TS2n  TS1x  TS2x
#---- -+-+---+-+--------+---+---+--+-+-+-+---+------------+----+----+----+----+----+----+----+-----+-----+-----+-----
BI000  80 271 1 ONION 1    0 120 10 1 1 0 120 001111110000  5.0 17.5 0.25 0.60 1.20 0.50 0.50  1600  1450  2500  2950
BI000  80 272 1 ONION 2    0 135 10 1 1 0 135 001111110000  5.0 17.5 0.25 0.60 1.50 0.50 0.50  1700  1550  2750  3250
BI000  80 273 1 ONION 3    0 150 10 1 1 0 150 001111110000  5.0 17.5 0.25 0.60 1.80 0.50 0.50  1800  1650  3000  3550
BI000  80 274 1 ONION 4    0 165 10 1 1 0 165 001111110000  5.0 17.5 0.25 0.60 1.80 0.50 0.50  1900  1750  3250  3850
BI000  80 275 1 ONION 5    0 180 10 1 1 0 180 001111110000  5.0 17.5 0.25 0.60 2.00 0.50 0.50  2000  1850  3500  4100
BI000  81 276 1 ONION 6   45 105 10 1 1 0 150 001111000000  5.0 17.5 0.25 0.60 1.40 0.50 0.50  1450  1300  2500  2950
BI000  81 277 1 ONION 7   60 120 10 1 1 0 180 001111000000  5.0 17.5 0.25 0.60 1.80 0.50 0.50  1600  1450  2750  3250
BI000  81 278 1 ONION 8   75 135 10 1 1 0 210 001111000000  5.0 17.5 0.25 0.60 2.00 0.50 0.50  1750  1600  3000  3550
BI000  82 279 1 ONION 9    0  90  4 1 1 0  90 111110000000 10.0 27.5 0.00 0.60 1.20 0.50 0.50  1700  1400  2200  2400
BI000  82 280 1 ONION 10   0 105  4 1 1 0 105 111110000000 10.0 27.5 0.00 0.60 1.30 0.50 0.50  1900  1600  2600  2800
BI000  82 281 1 ONION 11   0 120  4 1 1 0 120 111110000000 10.0 27.5 0.00 0.60 1.50 0.50 0.50  2100  1800  3000  3200
BI000  82 282 1 ONION 12   0 135  4 1 1 0 135 111110000000 10.0 27.5 0.00 0.60 1.70 0.50 0.50  2300  2200  3400  3600
#     NR TYP O  NAME     CYA CYBA  M W L CYC  TTSSSTTTBBBA TMN TREF  TSS   HI MLAI  YF% cBNA  TS1n  TS2n  TS1x  TS2x
#---- -+-+---+-+--------+---+---+--+-+-+-+---+------------+----+----+----+----+----+----+----+-----+-----+-----+-----
BI000  83 283 1 TOMATO 1   0  90 10 1 3 0  90 001111110000  5.0 17.5 0.25 0.25 2.00 0.55 0.50  1800  1600  2000  2200
BI000  83 284 1 TOMATO 2   0 105 10 1 3 0 105 001111110000  5.0 17.5 0.25 0.30 2.50 0.55 0.50  1950  1700  2300  2500
BI000  83 285 1 TOMATO 3   0 120 10 1 3 0 120 001111110000  5.0 17.5 0.25 0.30 2.50 0.55 0.50  2100  1800  2600  2800
BI000  83 286 1 TOMATO 4   0 135 10 1 3 0 135 001111110000  5.0 17.5 0.25 0.35 3.00 0.55 0.50  2250  1900  2900  3100
BI000  84 287 1 TOMATO 5   0 105  4 1 3 0 105 111110000000 10.0 27.5 0.00 0.20 2.00 0.55 0.50  2350  2100  2600  3000
BI000  84 288 1 TOMATO 6   0 120  4 1 3 0 120 111110000000 10.0 27.5 0.00 0.25 2.00 0.55 0.50  2500  2250  2900  3300
BI000  84 289 1 TOMATO 7   0 135  4 1 3 0 135 111110000000 10.0 27.5 0.00 0.25 2.50 0.55 0.50  2650  2400  3200  3600
#     NR TYP O  NAME     CYA CYBA  M W L CYC  TTSSSTTTBBBA TMN TREF  TSS   HI MLAI  YF% cBNA  TS1n  TS2n  TS1x  TS2x
#---- -+-+---+-+--------+---+---+--+-+-+-+---+------------+----+----+----+----+----+----+----+-----+-----+-----+-----
BI000  86 291 1 ALFALFA1   0 360  7 2 6 0 360 001111110000  5.0 17.5 0.00 0.35 3.00 0.75 0.50  1750  1250  7300  9125
BI000  86 292 1 ALFALFA2   0 360  4 2 6 0 360 111110000000 10.0 27.5 0.00 0.35 3.00 0.75 0.50  4500  3750  9125 12775
BI000  87 293 1 MISCANT1   0 360 23 2 6 0 360 101110000000 10.0 27.5 0.00 0.30 3.00 0.75 0.50  3600  2700 10950 12775
BI000  87 294 1 MISCANT2   0 360 24 2 6 0 360 011111110000  5.0 20.0 0.00 0.30 3.00 0.75 0.50  2250  1800 10000 10950
BI000  88 295 1 SWIGRASS   0 360 15 2 6 0 360 001111110000  5.0 17.5 0.00 0.30 3.00 0.75 0.50  2200  1800  9125 10950
BI000  89 296 1 REEDCAN    0 360  1 2 6 0 360 001111111110  5.0 17.5 0.00 0.30 3.00 0.75 0.50  1600  1400  7300  9125
BI000  90 297 1 JATROPHA   0 270  4 2 3 0 270 111110000000 10.0 27.5 0.00 0.08 2.50 0.75 0.50  7250  6250 10950 12775
BI000  91 298 1 NAPIERGR   0 360  8 2 6 0 360 111110000000 10.0 27.5 0.00 0.30  3.0 0.75 0.50  3600  2700 10950 12775
BI000  92 299 1 RUBBER     0 300  4 2 8 0 300 111100000000 15.0 27.5 0.00 0.05  2.5 0.90 0.50  9000  8000 10950 12775
#     NR TYP O  NAME     CYA CYBA  M W L CYC  TTSSSTTTBBBA TMN TREF  TSS   HI MLAI  YF% cBNA  TS1n  TS2n  TS1x  TS2x
#---- +--+---+-+--------+---+---+--+-+-+-+---+------------+----+----+----+----+----+----+----+-----+-----+-----+-----
BI000  93 301 0 SOLARIS1   0 120  4 1 7 0 120 111111110000 15.0 22.5 0.25 0.25  3.5 0.67 0.50  2100  1800  2700  3000
BI000  93 302 0 SOLARIS2   0 135  4 1 7 0 135 111111110000 15.0 22.5 0.25 0.25  4.0 0.67 0.50  2363  2025  3038  3375
BI000  93 303 0 SOLARIS3   0 150  4 1 7 0 150 111111110000 15.0 22.5 0.25 0.27  4.2 0.67 0.50  2625  2250  3375  3750
BI000  93 304 0 SOLARIS4   0 180  4 1 7 0 180 111111110000 15.0 22.5 0.25 0.30  4.5 0.67 0.50  3150  2700  4050  4500
BI000  93 305 0 SOLARIS5   0 195  4 1 7 0 195 111111110000 15.0 22.5 0.25 0.30  4.5 0.67 0.50  3413  2925  4388  4875
#     NR TYP O  NAME     CYA CYBA  M W L CYC  TTSSSTTTBBBA TMN TREF  TSS   HI MLAI  YF% cBNA  TS1n  TS2n  TS1x  TS2x
#---- +--+---+-+--------+---+---+--+-+-+-+---+------------+----+----+----+----+----+----+----+-----+-----+-----+-----
BI000  94 307 0 CAME W1   25  75  3 1 7 0 100 001111110000  5.0 15.0 0.25 0.18  2.5 0.50 0.55  1050   850  1200  1500
BI000  94 308 0 CAME W2   30  90  3 1 7 0 120 001111110000  5.0 13.9 0.25 0.18  2.5 0.50 0.55  1100   900  1400  1700
BI000  94 309 0 CAME W3   35 105  3 1 7 0 140 001111110000  5.0 13.1 0.25 0.18  2.5 0.50 0.55  1150   950  1600  1900
BI000  94 310 0 CAME W4   40 120  3 1 7 0 160 001111110000  5.0 12.7 0.25 0.18  2.5 0.50 0.55  1250  1050  1800  2100
BI000  95 311 0 CAME SP1   0  75  3 1 7 0  75 001111111110  5.0 15.0 0.25 0.18  2.5 0.50 0.50  1050   850  1200  1500
BI000  95 312 0 CAME SP2   0  90  3 1 7 0  90 001111111110  5.0 13.9 0.25 0.18  2.5 0.50 0.50  1100   900  1400  1700
BI000  96 313 0 CAME AU1   0  90  7 1 7 0  90 001111110000  5.0 13.9 0.25 0.15  2.5 0.50 0.50  1150  1000  1600  1900
BI000  96 314 0 CAME AU2   0 105  7 1 7 0 105 001111110000  5.0 13.1 0.25 0.15  2.5 0.50 0.50  1300  1100  1800  2100
BI000  97 315 0 CAME RB1   0 105  7 1 7 0 105 111110000000  5.0 13.1 0.25 0.15  2.5 0.50 0.50  1300  1100  1800  2100
BI000  97 316 0 CAME RB2   0 120  7 1 7 0 120 111110000000  5.0 12.7 0.25 0.15  2.5 0.50 0.50  1400  1200  2000  2300
BI000  97 317 0 CAME RB3   0 135  7 1 7 0 135 111110000000  5.0 12.4 0.25 0.15  2.5 0.50 0.50  1500  1300  2200  2500
BI000  97 318 0 CAME RB4   0 150  7 1 7 0 150 111110000000  5.0 12.2 0.25 0.15  2.5 0.50 0.50  1600  1400  2400  2700
BI000  98 319 0 CAME ST1   0 180  3 1 7 0 180 011111000000  5.0 10.7 0.25 0.18  2.5 0.50 0.50  1600  1350  1800  2100
BI000  98 320 0 CAME ST2   0 210  3 1 7 0 210 011111000000  5.0 10.6 0.25 0.20  2.5 0.50 0.50  1800  1500  2050  2400
#     NR TYP O  NAME     CYA CYB A  M W L CYC TTSSSTTTBBBA  TMN TREF  TSS   HI MLAI  YF% cBNA  TS1n  TS2n  TS1x  TS2x
#---- +--+---+-+--------+---+---+--+-+-+-+---+------------+----+----+----+----+----+----+----+-----+-----+-----+-----
BI000  99 321 1 TRIT W1   35+105  3 1 6 0 140 001111110000  5.0 17.5 0.25 0.35  4.0 0.33 0.55  1400  1300  2050  2300
BI000  99 322 1 TRIT W2   40+120  3 1 6 0 160 001111110000  5.0 17.5 0.25 0.35  4.0 0.33 0.55  1500  1400  2200  2500
BI000  99 323 1 TRIT W3   45+135  3 1 6 0 180 001111110000  5.0 17.5 0.25 0.35  4.5 0.33 0.55  1600  1500  2350  2700
BI000 100 324 1 TRIT SP1   0 105  3 1 6 0 105 001111111110  5.0 17.5 0.25 0.35  3.5 0.33 0.50  1400  1300  2050  2300
BI000 100 325 1 TRIT SP2   0 120  3 1 6 0 120 001111111110  5.0 17.5 0.25 0.35  4.0 0.33 0.50  1500  1400  2200  2500
BI000 100 326 1 TRIT SP3   0 135  3 1 6 0 135 001111111110  5.0 17.5 0.25 0.35  4.0 0.33 0.50  1600  1500  2350  2700
BI000 101 327 1 TRIT TR1   0 135  3 1 6 0 135 111110000000  5.0 17.5 0.25 0.35  4.0 0.33 0.50  2125  1675  2575  2800
BI000 101 328 1 TRIT TR2   0 150  3 1 6 0 150 011110000000  5.0 17.5 0.25 0.35  4.0 0.33 0.50  2200  1800  2700  3000
BI000 101 329 1 TRIT TR3   0 180  3 1 6 0 180 011110000000  5.0 17.5 0.25 0.35  4.0 0.33 0.50  2350  1950  2950  3400
BI000 101 330 1 TRIT TR4   0 210  3 1 6 0 210 011110000000  5.0 17.5 0.25 0.35  4.0 0.33 0.50  2500  2100  3200  3800
#     NR TYP O  NAME     CYA CYB A  M W L CYC TTSSSTTTBBBA  TMN TREF  TSS   HI MLAI  YF% cBNA  TS1n  TS2n  TS1x  TS2x
#---- +--+---+-+--------+---+---+--+-+-+-+---+------------+----+----+----+----+----+----+----+-----+-----+-----+-----
BI000 102 331 0 CARI SP1   0 105  3 1 7 0 105 001111111000  5.0 17.5 0.25 0.15 3.00 0.50 0.50  1500  1400  2150  2400
BI000 102 332 0 CARI SP2   0 120  3 1 7 0 120 001111111000  5.0 17.5 0.25 0.15 3.00 0.50 0.50  1600  1500  2400  2650
BI000 102 333 0 CARI SP3   0 135  3 1 7 0 135 001111111000  5.0 17.5 0.25 0.18 3.50 0.50 0.50  1700  1600  2650  2900
BI000 102 334 0 CARI SP4   0 150  3 1 7 0 150 001111111000  5.0 17.5 0.25 0.18 4.00 0.50 0.50  1800  1700  2900  3150
BI000 103 335 0 CARI ST1   0 165  3 1 7 0 165 011111110000  5.0 17.5 0.25 0.18 4.00 0.50 0.50  1600  1450  2700  2900
BI000 103 336 0 CARI ST2   0 180  3 1 7 0 180 011111110000  5.0 17.5 0.25 0.20 4.00 0.50 0.50  1700  1550  2900  3100
BI000 103 337 0 CARI ST3   0 195  3 1 7 0 195 011111110000  5.0 17.5 0.25 0.22 4.50 0.50 0.50  1800  1650  3100  3300
BI000 103 338 0 CARI ST4   0 210  3 1 7 0 210 011111110000  5.0 17.5 0.25 0.22 4.50 0.50 0.50  1900  1750  3300  3500
BI000 104 339 0 CARI RB1   0 135  7 1 7 0 135 111111100000  5.0 17.5 0.25 0.22 3.50 0.50 0.50  1700  1600  2750  3000
BI000 104 340 0 CARI RB2   0 150  7 1 7 0 150 111111100000  5.0 17.5 0.25 0.22 4.00 0.50 0.50  1800  1700  3000  3250
#     NR TYP O  NAME     CYA CYBA  M W L CYC  TTSSSTTTBBBA TMN TREF  TSS   HI MLAI  YF% cBNA  TS1n  TS2n  TS1x  TS2x
#---- -+-+---+-+--------+---+---+--+-+-+-+---+------------+----+----+----+----+----+----+----+-----+-----+-----+-----
BI000 105 341 0 ECANE V2   0 365 26 2 8 0 365 111110000000 10.0 32.5 0.00 0.80 7.50 0.75 0.65  6750  6000 10950 12775
BI000 105 342 0 ECANE V3   0 365 27 2 8 0 365 111110000000 10.0 32.5 0.00 0.75 7.00 0.75 0.55  6750  6000 10950 12775
BI000 106 343 0 MACAUBA    0 300  4 2 8 0 300 111110000000 10.0 25.0 0.00 0.18 4.00 0.42 0.50  8000  7200 10950 12775
BI000 107 344 0 MACAUBA2   0 300  4 2 8 0 300 111110000000 10.0 25.0 0.00 0.18 2.00 0.42 0.50  8000  7200 10950 12775
BI000 108 345 1 DATEPLM1   0 270 28 2 5 0 270 111110000000 15.0 27.5 0.00 0.15 2.00 0.55 0.65  6750  6000  8400  9450
BI000 108 346 1 DATEPLM2   0 285 28 2 5 0 285 111110000000 15.0 27.5 0.00 0.15 2.00 0.55 0.65  7100  6300  8800  9900
BI000 108 347 1 DATEPLM3   0 255 28 2 5 0 255 111110000000 15.0 27.5 0.00 0.15 2.00 0.55 0.65  6400  5750  8000  9000
#     NR TYP O  NAME     CYA CYB A M W L CYC  TTSSSTTTBBBA  TMN TREF  TSS   HI MLAI  YF% cBNA  TS1n  TS2n  TS1x  TS2x
#---- +--+---+-+--------+---+---+--+-+-+-+---+------------+----+----+----+----+----+----+----+-----+-----+-----+-----
BI000 110 349 1 CASTOR 1   0 150  4 1 4 1 150 111110000000 10.0 27.5 0.00 0.15 1.80 0.50 0.50  3300  2600  4500  4950
BI000 110 350 1 CASTOR 2   0 180  4 1 4 1 180 111110000000 10.0 27.5 0.00 0.15 2.00 0.50 0.50  3900  2900  5400  5850
BI000 111 351 1 SESAME 1   0  90  5 1 7 0  90 111110000000 15.0 27.5 0.00 0.15 1.50 0.50 0.50  2100  1700  2600  3150
BI000 111 352 1 SESAME 2   0 105  5 1 7 0 105 111110000000 15.0 27.5 0.00 0.15 1.50 0.50 0.50  2350  1900  2975  3570
BI000 111 353 1 SESAME 3   0 120  5 1 7 0 120 111110000000 15.0 27.5 0.00 0.17 1.60 0.50 0.50  2600  2100  3360  3960
BI000 111 354 1 SESAME 4   0 135  5 1 7 0 135 111110000000 15.0 27.5 0.00 0.18 1.75 0.50 0.50  2850  2300  3750  4320
BI000 111 355 1 SESAME 5   0 150  5 1 7 0 150 111110000000 15.0 27.5 0.00 0.18 1.75 0.50 0.50  3100  2500  4125  4650
#     NR TYP O  NAME     CYA CYB A M W L CYC  TTSSSTTTBBBA  TMN TREF  TSS   HI MLAI  YF% cBNA  TS1n  TS2n  TS1x  TS2x
#---- +--+---+-+--------+---+---+--+-+-+-+---+------------+----+----+----+----+----+----+----+-----+-----+-----+-----
BI000 112 356 1 CYAM-DL    0 330  4 2 5 0 330 111110000000 10.0 27.5 0.00 0.20 1.50 0.67 0.50  8250  6950  9860 11860
BI000 113 357 1 CYAM-WL    0 360  4 2 5 0 360 111110000000 10.0 27.5 0.00 0.25 2.00 0.67 0.50  8580  7300 10950 12775
BI000 114 358 1 CYAM-XS    0 330  4 2 5 0 330 111110000000 10.0 27.5 0.00 0.20 1.75 0.67 0.50  8400  7660  9860 11860
#     NR TYP O  NAME     CYA CYB A M W L CYC  TTSSSTTTBBBA  TMN TREF  TSS   HI MLAI  YF% cBNA  TS1n  TS2n  TS1x  TS2x
#---- +--+---+-+--------+---+---+--+-+-+-+---+------------+----+----+----+----+----+----+----+-----+-----+-----+-----
BI000 115 361 1 CASHEW     0 180  4 2 3 0 180 101110000000 10.0 27.5 0.00 0.10 1.80 0.33 0.50  8750  7000 10950 12775
BI000 116 362 1 MANGO 1    0 270  4 2 8 0 270 111111000000 10.0 27.5 0.00 0.10 3.00 0.25 0.50  8030  6570 10950 12775
BI000 116 363 1 MANGO 2    0 270  4 2 8 0 270 111111000000 10.0 27.5 0.00 0.15 3.00 0.40 0.50  8030  6570 10950 12775
#     NR TYP O  NAME     CYA CYB A M W L CYC  TTSSSTTTBBBA  TMN TREF  TSS   HI MLAI  YF% cBNA  TS1n  TS2n  TS1x  TS2x
#---- +--+---+-+--------+---+---+--+-+-+-+---+------------+----+----+----+----+----+----+----+-----+-----+-----+-----
BI000 119 364 1 FIMLLT 1   0 105  9 1 6 0 105 111110000000 10.0 19.5 1.00 0.08 1.20 0.33 0.50  1890  1575  2835	 3150
BI000 119 365 1 FIMLLT 2   0 120  9 1 6 0 120 111110000000 10.0 19.5 1.00 0.08 1.25 0.33 0.50  2100  1740  3120	 3480
BI000 119 366 1 FIMLLT 3   0 135  9 1 6 0 135 111110000000 10.0 19.0 1.00 0.09 1.30 0.33 0.50  2295  1890  3375	 3780
BI000 119 367 1 FIMLLT 4   0 150  9 1 6 0 150 111110000000 10.0 18.5 1.00 0.09 1.35 0.33 0.50  2475  2025  3600	 4050
BI000 119 368 1 FIMLLT 5   0 165  9 1 6 0 165 111110000000 10.0 18.0 1.00 0.10 1.40 0.33 0.50  2640  2145  3795	 4290
BI000 119 369 1 FIMLLT 6   0 180  9 1 6 0 180 111110000000 10.0 17.5 1.00 0.10 1.45 0.33 0.50  2790  2250  3960	 4500
BI000 120 370 1 FONIO 1    0  75  8 1 4 0  75 111110000000 15.0 27.5 0.00 0.06 1.10 0.33 0.50  1650  1350  2250	 2625
BI000 120 371 1 FONIO 2    0  90  8 1 4 0  90 111110000000 15.0 27.5 0.00 0.06 1.15 0.33 0.50  1934  1575  2655	 3060
BI000 120 372 1 FONIO 3    0 105  8 1 4 0 105 111110000000 15.0 27.5 0.00 0.07 1.20 0.33 0.50  2203  1785  3045	 3465
BI000 120 373 1 FONIO 4    0 120  8 1 4 0 120 111110000000 15.0 27.5 0.00 0.07 1.25 0.33 0.50  2456  1980  3420	 3840
BI000 120 374 1 FONIO 5    0 135  8 1 4 0 135 111110000000 15.0 27.5 0.00 0.08 1.30 0.33 0.50  2695  2160  3780	 4185
BI000 121 375 1 TEFF 1     0  90  9 1 6 0  90 111110000000 10.0 20.0 1.00 0.07 1.15 0.33 0.50  1620  1350  2430	 2700
BI000 121 376 1 TEFF 2     0 105  9 1 6 0 105 111110000000 10.0 20.0 1.00 0.07 1.22 0.33 0.50  1838  1523  2730	 3045
BI000 121 377 1 TEFF 3     0 120  9 1 6 0 120 111110000000 10.0 19.5 1.00 0.08 1.30 0.33 0.50  2040  1680  3000	 3360
BI000 121 378 1 TEFF 4     0 135  9 1 6 0 135 111110000000 10.0 19.0 1.00 0.09 1.37 0.33 0.50  2228  1823  3240	 3645 
BI000 121 379 1 TEFF 5     0 150  9 1 6 0 150 111110000000 10.0 18.5 1.00 0.09 1.45 0.33 0.50  2240  1950  3450	 3900
#     NR TYP O  NAME     CYA CYB A M W L CYC  TTSSSTTTBBBA  TMN TREF  TSS   HI MLAI  YF% cBNA  TS1n  TS2n  TS1x  TS2x
#---- +--+---+-+--------+---+---+--+-+-+-+---+------------+----+----+----+----+----+----+----+-----+-----+-----+-----
BI000 122 380 1 OKRA 1     0  60  4 1 4 0  60 111110000000 10.0 27.5 0.00 0.05 1.40 0.75 0.50  1350  1200  1950	 2100
BI000 122 381 1 OKRA 2     0  75  4 1 4 0  75 111110000000 10.0 27.5 0.00 0.07 1.50 0.75 0.50  1688  1500  2438	 2625   
BI000 122 382 1 OKRA 3     0  90  4 1 4 0  90 111110000000 10.0 27.5 0.00 0.09 1.60 0.75 0.50  2025  1800  2925	 3150
BI000 122 383 1 OKRA 4     0 105  4 1 4 0 105 111110000000 10.0 27.5 0.00 0.11 1.70 0.75 0.50  2363  2100  3413	 3675
BI000 122 384 1 OKRA 5     0 120  4 1 4 0 120 111110000000 10.0 27.5 0.00 0.12 1.80 0.75 0.50  2700  2400  3900	 4200
BI000 122 385 1 OKRA 6     0 135  4 1 4 0 135 111110000000 10.0 27.5 0.00 0.13 1.90 0.75 0.50  3038  2700  4388	 4725
BI000 122 386 1 OKRA 7     0 150  4 1 4 0 150 111110000000 10.0 27.5 0.00 0.13 2.00 0.75 0.50  3375  3000  4875	 5255
BI000 123 387 1 WATERML1   0 120  4 1 4 0 120 111110000000 15.0 27.5 0.00 0.12 1.50 0.75 0.50  2880  2400  3600	 4080 
BI000 123 388 1 WATERML2   0 135  4 1 4 0 135 111110000000 15.0 27.5 0.00 0.13 1.60 0.75 0.50  3105  2565  3915	 4455 
BI000 123 389 1 WATERML3   0 150  4 1 4 0 150 111110000000 15.0 27.5 0.00 0.13 1.70 0.75 0.50  3300  2700  4200	 4800
#      NR TYP O NAME     CYA CYB  A M W L CYC TTSSSTTTBBBA  TMN TREF  TSS   HI MLAI  YF% cBNA  TS1n  TS2n  TS1x  TS2x
#---- +--+---+-+--------+---+---+--+-+-+-+---+------------+----+----+----+----+----+----+----+-----+-----+-----+-----
BI000 125 391 1 AVOCA TL   0 360 29 2 8 0 360 111000000000 10.0 25.0 0.00 0.05 2.50 0.90 0.50  7300  6300  9500	10220
BI000 126 392 1 AVOCA TH   0 360 30 2 8 0 360 110000000000  5.0 22.5 0.00 0.07 3.00 0.90 0.50  5500  4500  6300	 7300
BI000 127 393 1 AVOCA ST   0 360 31 2 8 0 360 001110000000  5.0 22.5 0.00 0.09 3.50 0.90 0.50  6000  5000  7300	 8500
#      NR TYP O NAME     CYA CYB  A M W L CYC TTSSSTTTBBBA  TMN TREF  TSS   HI MLAI  YF% cBNA  TS1n  TS2n  TS1x  TS2x
#---- +--+---+-+--------+---+---+--+-+-+-+---+------------+----+----+----+----+----+----+----+-----+-----+-----+-----
BI000 128 395 1 CUR.MAX1   0  90 32 1 2 0  90 011111110000 14.0 22.5 0.00 0.13 1.70 0.45 0.50  1800  1260  2250	 2610
BI000 128 396 1 CUR.MAX2   0 120 32 1 2 0 120 011111110000 14.0 22.5 0.00 0.18 2.10 0.45 0.50  2160  1440  2880	 3240
BI000 128 397 1 CUR.MAX3   0 150 32 1 2 0 150 011111110000 14.0 22.5 0.00 0.23 2.50 0.45 0.50  2400  1500  3450	 3750
BI000 129 398 1 CUR.MOS1   0  90 33 1 2 0  90 111110000000 15.0 27.5 0.00 0.20 1.70 0.45 0.50  1980  1620  2700	 2880
BI000 129 399 1 CUR.MOS2   0 120 33 1 2 0 120 111110000000 15.0 27.5 0.00 0.25 2.10 0.45 0.50  2520  1920  3360	 3600
BI000 130 400 1 CUR.MOS3   0 150 33 1 2 0 150 111110000000 15.0 27.5 0.00 0.29 2.50 0.45 0.50  3000  2100  3900	 4200
BI000 130 401 1 CUR.MOS4   0 180 33 1 2 0 180 111110000000 15.0 27.5 0.00 0.33 3.00 0.45 0.50  3420  2160  4320	 4680
BI000 131 402 1 CUR.PEP1   0  75 32 1 2 0  75 011111110000 14.0 22.5 0.00 0.09 1.50 0.45 0.50  1650  1125  1950	 2250
BI000 131 403 1 CUR.PEP2   0  90 32 1 2 0  90 011111110000 14.0 22.5 0.00 0.12 1.70 0.45 0.50  1800  1260  2250	 2610
BI000 131 404 1 CUR.PEP3   0 105 32 1 2 0 105 011111110000 14.0 22.5 0.00 0.15 1.90 0.45 0.50  1890  1365  2520	 2940
#      NR TYP O NAME     CYA CYB  A M W L CYC TTSSSTTTBBBA  TMN TREF  TSS   HI MLAI  YF% cBNA  TS1n  TS2n  TS1x  TS2x
#---- +--+---+-+--------+---+---+--+-+-+-+---+------------+----+----+----+----+----+----+----+-----+-----+-----+-----
BI000 132 406 1 SOL.AET1
BI000 132 407 1 SOL.AET2
BI000 132 408 1 SOL.AET3
BI000 133 409 1 SOL.MAC1
BI000 133 410 1 SOL.MAC2
#     NR TYP O  NAME     CYA CYB A M W L CYC  TTSSSTTTBBBA  TMN TREF  TSS   HI MLAI  YF% cBNA  TS1n  TS2n  TS1x  TS2x
#---- -+-+---+-+--------+---+---+--+-+-+-+---+------------+----+----+----+----+----+----+----+-----+-----+-----+-----
BI000 141 431 1 GRLEG 1    0 360 16 3 6 1 360 011111111110  3.0 17.5 0.00 0.30 3.00 1.00 0.50   625   500  7300 10950
BI000 141 432 1 GRLEG 2    0 360 18 3 6 1 360 111110000000 10.0 27.5 0.00 0.30 3.00 1.00 0.50  7300  5475 10950 12775
BI000 142 433 1 GRASS 1    0 360 17 3 6 0 360 011111111110  3.0 17.5 0.00 0.30 3.00 1.00 0.50   625   500  7300 10950
BI000 142 434 1 GRASS 2    0 360 18 3 6 0 360 111110000000 10.0 27.5 0.00 0.30 3.00 1.00 0.50  7300  5475 10950 12775
BI000 142 435 1 GRASS 3    0 360 19 3 6 0 360 011111111110  5.0 25.0 0.00 0.30 3.00 1.00 0.50   900   600 10950 12775
BI000 142 436 1 GRASS 4    0 360 20 3 6 0 360 111110000000 15.0 32.5 0.00 0.30 3.00 1.00 0.50  7300  5475 12775 16425
BI000 143 437 0 BRACH SC   0 360 23 2 6 0 360 111110000000 10.0 27.5 0.00 0.35 3.50 0.75 0.50  7300  5475 10950 12775
BI000 143 438 0 BRACH IC   0 360 23 2 6 0 360 111110000000 10.0 27.5 0.00 0.35 2.50 0.75 0.50  7300  5475 10950 12775