#WATER REQUIREMENT COEFFICIENTS (APRIL 2026)
#     NR  NAME      D1 D2a D2b D3a D3b  D4  Kc1  Kc3  Kc5  KcT  Ky1 Ky2a Ky2b Ky3a Ky3b  Ky4  KyT   hx
#----+--+--------+---+---+---+---+---+---+----+----+----+----+----+----+----+----+----+----+----+----+
WQ000 364 FIMLLT 1  15  30   0  13  27  15 0.30 1.05 0.55 0.80 0.40 0.40 0.40 1.50 0.50 0.20 1.25  1.2
WQ000 365 FIMLLT 2  15  30   0  13  27  15 0.30 1.05 0.55 0.80 0.40 0.40 0.40 1.50 0.50 0.20 1.25  1.2
WQ000 366 FIMLLT 3  15  30   0  13  27  15 0.30 1.05 0.55 0.80 0.40 0.40 0.40 1.50 0.50 0.20 1.25  1.2
WQ000 367 FIMLLT 4  15  30   0  13  27  15 0.30 1.05 0.55 0.80 0.40 0.40 0.40 1.50 0.50 0.20 1.25  1.2
WQ000 368 FIMLLT 5  15  30   0  13  27  15 0.30 1.05 0.55 0.80 0.40 0.40 0.40 1.50 0.50 0.20 1.25  1.2
WQ000 369 FIMLLT 6  15  30   0  13  27  15 0.30 1.05 0.55 0.80 0.40 0.40 0.40 1.50 0.50 0.20 1.25  1.2
WQ000 370 FONIO 1   10  25   0  13  27  25 0.30 1.00 0.30 0.80 0.20 0.20 0.20 0.60 0.80 0.20 0.90  0.7
WQ000 371 FONIO 2   10  25   0  13  27  25 0.30 1.00 0.30 0.80 0.20 0.20 0.20 0.60 0.80 0.20 0.90  0.7
WQ000 372 FONIO 3   10  25   0  13  27  25 0.30 1.00 0.30 0.80 0.20 0.20 0.20 0.60 0.80 0.20 0.90  0.7
WQ000 373 FONIO 4   10  25   0  13  27  25 0.30 1.00 0.30 0.80 0.20 0.20 0.20 0.60 0.80 0.20 0.90  0.7 
WQ000 374 FONIO 5   10  25   0  13  27  25 0.30 1.00 0.30 0.80 0.20 0.20 0.20 0.60 0.80 0.20 0.90  0.7
WQ000 375 TEFF 1    15  30   0  13  27  15 0.30 1.05 0.55 0.80 0.20 0.20 0.20 0.55 0.45 0.20 0.90  1.2
WQ000 376 TEFF 2    15  30   0  13  27  15 0.30 1.05 0.55 0.80 0.20 0.20 0.20 0.55 0.45 0.20 0.90  1.2
WQ000 377 TEFF 3    15  30   0  13  27  15 0.30 1.05 0.55 0.80 0.20 0.20 0.20 0.55 0.45 0.20 0.90  1.2 
WQ000 378 TEFF 4    15  30   0  13  27  15 0.30 1.05 0.55 0.80 0.20 0.20 0.20 0.55 0.45 0.20 0.90  1.2
WQ000 379 TEFF 5    15  30   0  13  27  15 0.30 1.05 0.55 0.80 0.20 0.20 0.20 0.55 0.45 0.20 0.90  1.2
#     NR  NAME      D1 D2a D2b D3a D3b  D4  Kc1  Kc3  Kc5  KcT  Ky1 Ky2a Ky2b Ky3a Ky3b  Ky4  KyT   hx
#----+--+--------+---+---+---+---+---+---+----+----+----+----+----+----+----+----+----+----+----+----+
WQ000 380 OKRA 1    20  25   0  17  18  20 0.60 1.15 0.80 0.85 0.20 0.40 0.40 1.10 0.80 0.40 1.05  2.0
WQ000 381 OKRA 2    20  25   0  17  18  20 0.60 1.15 0.80 0.85 0.20 0.40 0.40 1.10 0.80 0.40 1.05  2.0
WQ000 382 OKRA 3    20  25   0  17  18  20 0.60 1.15 0.80 0.85 0.20 0.40 0.40 1.10 0.80 0.40 1.05  2.0  
WQ000 383 OKRA 4    20  25   0  17  18  20 0.60 1.15 0.80 0.85 0.20 0.40 0.40 1.10 0.80 0.40 1.05  2.0 
WQ000 384 OKRA 5    20  25   0  17  18  20 0.60 1.15 0.80 0.85 0.20 0.40 0.40 1.10 0.80 0.40 1.05  2.0 
WQ000 385 OKRA 6    20  25   0  17  18  20 0.60 1.15 0.80 0.85 0.20 0.40 0.40 1.10 0.80 0.40 1.05  2.0 
WQ000 386 OKRA 7    20  25   0  17  18  20 0.60 1.15 0.80 0.85 0.20 0.40 0.40 1.10 0.80 0.40 1.05  2.0
WQ000 387 WATERML1  10  15  15  30   0  30 0.50 1.00 0.80 0.80 0.45 0.70 0.70 0.80 0.80 0.30 1.10  0.4
WQ000 388 WATERML2  10  15  15  30   0  30 0.50 1.00 0.80 0.80 0.45 0.70 0.70 0.80 0.80 0.30 1.10  0.4
WQ000 389 WATERML3  10  15  15  30   0  30 0.50 1.00 0.80 0.80 0.45 0.70 0.70 0.80 0.80 0.30 1.10  0.4
#     NR  NAME      D1 D2a D2b D3a D3b  D4  Kc1  Kc3  Kc5  KcT  Ky1 Ky2a Ky2b Ky3a Ky3b  Ky4  KyT   hx
#----+--+--------+---+---+---+---+---+---+----+----+----+----+----+----+----+----+----+----+----+----+
WQ000 391 AVOCA TL   5  25   0  50   0  20 0.60 0.85 0.75 0.78                               1.20  3.0
WQ000 392 AVOCA TH   5  25   0  50   0  20 0.60 0.85 0.75 0.78                               1.20  3.0
WQ000 393 AVOCA ST   5  25   0  50   0  20 0.60 0.85 0.75 0.78                               1.20  3.0
#----+--+--------+---+---+---+---+---+---+----+----+----+----+----+----+----+----+----+----+----+----+
WQ000 395 CUR.MAX1  20  30   0  30   0  20 0.50 1.00 0.80 0.80 0.45 0.70 0.70 0.80 0.80 0.30 1.10  0.4
WQ000 396 CUR.MAX2  20  30   0  30   0  20 0.50 1.00 0.80 0.80 0.45 0.70 0.70 0.80 0.80 0.30 1.10  0.4
WQ000 397 CUR.MAX3  20  30   0  30   0  20 0.50 1.00 0.80 0.80 0.45 0.70 0.70 0.80 0.80 0.30 1.10  0.4
WQ000 398 CUR.MOS1  20  30   0  30   0  20 0.50 1.00 0.80 0.80 0.45 0.70 0.70 0.80 0.80 0.30 1.10  0.4
WQ000 399 CUR.MOS2  20  30   0  30   0  20 0.50 1.00 0.80 0.80 0.45 0.70 0.70 0.80 0.80 0.30 1.10  0.4
WQ000 400 CUR.MOS3  20  30   0  30   0  20 0.50 1.00 0.80 0.80 0.45 0.70 0.70 0.80 0.80 0.30 1.10  0.4
WQ000 401 CUR.MOS4  20  30   0  30   0  20 0.50 1.00 0.80 0.80 0.45 0.70 0.70 0.80 0.80 0.30 1.10  0.4
WQ000 402 CUR.PEP1  20  30   0  30   0  20 0.50 1.00 0.80 0.80 0.45 0.70 0.70 0.80 0.80 0.30 1.10  0.4
WQ000 403 CUR.PEP2  20  30   0  30   0  20 0.50 1.00 0.80 0.80 0.45 0.70 0.70 0.80 0.80 0.30 1.10  0.4
WQ000 404 CUR.PEP3  20  30   0  30   0  20 0.50 1.00 0.80 0.80 0.45 0.70 0.70 0.80 0.80 0.30 1.10  0.4